Date: 01-May-2003
Time: 13:05:00
Label: 
Cyclic Voltammetry

Exp. Conditions:
Init E (mV) = 550
High E (mV) = 550
Low E (mV) = -50
Init P/N = N
V (mV/sec) = 200
Number of Segments = 2
Sample Interval (mV) = 1
Quiet Time (sec) = 10
Sensitivity (A/V) = 1E-4

2 Sets of Data
Total Number of Data Points = 1200
##
Potential (mV), Current (A)

Segment = 1
Negative
Number of Data Points = 600
#
549.0, +1.634e-006
548.0, +3.474e-006
547.0, +3.674e-006
546.0, +4.142e-006
545.0, +4.569e-006
544.0, +4.765e-006
543.0, +5.005e-006
542.0, +5.149e-006
541.0, +5.297e-006
540.0, +5.284e-006
539.0, +5.367e-006
538.0, +5.628e-006
537.0, +5.593e-006
536.0, +5.528e-006
535.0, +5.668e-006
534.0, +5.685e-006
533.0, +5.707e-006
532.0, +5.567e-006
531.0, +5.528e-006
530.0, +5.720e-006
529.0, +5.668e-006
528.0, +5.554e-006
527.0, +5.685e-006
526.0, +5.733e-006
525.0, +5.790e-006
524.0, +5.672e-006
523.0, +5.620e-006
522.0, +5.772e-006
521.0, +5.694e-006
520.0, +5.598e-006
519.0, +5.707e-006
518.0, +5.781e-006
517.0, +5.816e-006
516.0, +5.707e-006
515.0, +5.716e-006
514.0, +5.907e-006
513.0, +5.868e-006
512.0, +5.798e-006
511.0, +5.864e-006
510.0, +5.951e-006
509.0, +5.973e-006
508.0, +5.807e-006
507.0, +5.772e-006
506.0, +5.916e-006
505.0, +5.846e-006
504.0, +5.803e-006
503.0, +5.855e-006
502.0, +5.929e-006
501.0, +5.955e-006
500.0, +5.851e-006
499.0, +5.846e-006
498.0, +5.986e-006
497.0, +5.890e-006
496.0, +5.864e-006
495.0, +5.929e-006
494.0, +6.047e-006
493.0, +6.069e-006
492.0, +5.977e-006
491.0, +5.977e-006
490.0, +6.117e-006
489.0, +6.021e-006
488.0, +6.016e-006
487.0, +6.051e-006
486.0, +6.169e-006
485.0, +6.252e-006
484.0, +6.182e-006
483.0, +6.182e-006
482.0, +6.304e-006
481.0, +6.199e-006
480.0, +6.199e-006
479.0, +6.260e-006
478.0, +6.274e-006
477.0, +6.343e-006
476.0, +6.287e-006
475.0, +6.287e-006
474.0, +6.461e-006
473.0, +6.444e-006
472.0, +6.439e-006
471.0, +6.553e-006
470.0, +6.553e-006
469.0, +6.609e-006
468.0, +6.574e-006
467.0, +6.587e-006
466.0, +6.688e-006
465.0, +6.631e-006
464.0, +6.592e-006
463.0, +6.731e-006
462.0, +6.814e-006
461.0, +6.849e-006
460.0, +6.771e-006
459.0, +6.784e-006
458.0, +6.923e-006
457.0, +6.849e-006
456.0, +6.805e-006
455.0, +6.862e-006
454.0, +6.975e-006
453.0, +6.989e-006
452.0, +6.893e-006
451.0, +6.875e-006
450.0, +7.010e-006
449.0, +6.914e-006
448.0, +6.897e-006
447.0, +6.923e-006
446.0, +7.050e-006
445.0, +7.145e-006
444.0, +7.058e-006
443.0, +7.058e-006
442.0, +7.198e-006
441.0, +7.137e-006
440.0, +7.145e-006
439.0, +7.167e-006
438.0, +7.202e-006
437.0, +7.307e-006
436.0, +7.259e-006
435.0, +7.259e-006
434.0, +7.411e-006
433.0, +7.398e-006
432.0, +7.394e-006
431.0, +7.451e-006
430.0, +7.451e-006
429.0, +7.503e-006
428.0, +7.477e-006
427.0, +7.468e-006
426.0, +7.560e-006
425.0, +7.542e-006
424.0, +7.551e-006
423.0, +7.690e-006
422.0, +7.765e-006
421.0, +7.791e-006
420.0, +7.725e-006
419.0, +7.717e-006
418.0, +7.847e-006
417.0, +7.778e-006
416.0, +7.738e-006
415.0, +7.804e-006
414.0, +7.926e-006
413.0, +7.983e-006
412.0, +7.961e-006
411.0, +7.969e-006
410.0, +8.126e-006
409.0, +8.092e-006
408.0, +8.092e-006
407.0, +8.157e-006
406.0, +8.240e-006
405.0, +8.318e-006
404.0, +8.257e-006
403.0, +8.270e-006
402.0, +8.423e-006
401.0, +8.418e-006
400.0, +8.410e-006
399.0, +8.527e-006
398.0, +8.571e-006
397.0, +8.632e-006
396.0, +8.597e-006
395.0, +8.636e-006
394.0, +8.780e-006
393.0, +8.741e-006
392.0, +8.737e-006
391.0, +8.837e-006
390.0, +8.977e-006
389.0, +9.094e-006
388.0, +9.046e-006
387.0, +9.068e-006
386.0, +9.290e-006
385.0, +9.308e-006
384.0, +9.369e-006
383.0, +9.504e-006
382.0, +9.613e-006
381.0, +9.683e-006
380.0, +9.648e-006
379.0, +9.700e-006
378.0, +9.848e-006
377.0, +9.792e-006
376.0, +9.796e-006
375.0, +9.888e-006
374.0, +1.003e-005
373.0, +1.018e-005
372.0, +1.014e-005
371.0, +1.027e-005
370.0, +1.054e-005
369.0, +1.054e-005
368.0, +1.061e-005
367.0, +1.075e-005
366.0, +1.089e-005
365.0, +1.106e-005
364.0, +1.104e-005
363.0, +1.116e-005
362.0, +1.144e-005
361.0, +1.152e-005
360.0, +1.168e-005
359.0, +1.190e-005
358.0, +1.211e-005
357.0, +1.229e-005
356.0, +1.231e-005
355.0, +1.244e-005
354.0, +1.267e-005
353.0, +1.271e-005
352.0, +1.282e-005
351.0, +1.304e-005
350.0, +1.332e-005
349.0, +1.360e-005
348.0, +1.366e-005
347.0, +1.389e-005
346.0, +1.424e-005
345.0, +1.433e-005
344.0, +1.450e-005
343.0, +1.478e-005
342.0, +1.505e-005
341.0, +1.538e-005
340.0, +1.552e-005
339.0, +1.580e-005
338.0, +1.629e-005
337.0, +1.652e-005
336.0, +1.675e-005
335.0, +1.715e-005
334.0, +1.757e-005
333.0, +1.799e-005
332.0, +1.821e-005
331.0, +1.855e-005
330.0, +1.909e-005
329.0, +1.938e-005
328.0, +1.967e-005
327.0, +2.008e-005
326.0, +2.056e-005
325.0, +2.104e-005
324.0, +2.132e-005
323.0, +2.171e-005
322.0, +2.237e-005
321.0, +2.282e-005
320.0, +2.325e-005
319.0, +2.381e-005
318.0, +2.447e-005
317.0, +2.515e-005
316.0, +2.557e-005
315.0, +2.609e-005
314.0, +2.687e-005
313.0, +2.744e-005
312.0, +2.806e-005
311.0, +2.879e-005
310.0, +2.964e-005
309.0, +3.055e-005
308.0, +3.120e-005
307.0, +3.200e-005
306.0, +3.309e-005
305.0, +3.387e-005
304.0, +3.462e-005
303.0, +3.547e-005
302.0, +3.644e-005
301.0, +3.746e-005
300.0, +3.821e-005
299.0, +3.911e-005
298.0, +4.036e-005
297.0, +4.131e-005
296.0, +4.228e-005
295.0, +4.342e-005
294.0, +4.474e-005
293.0, +4.604e-005
292.0, +4.705e-005
291.0, +4.817e-005
290.0, +4.973e-005
289.0, +5.099e-005
288.0, +5.222e-005
287.0, +5.359e-005
286.0, +5.518e-005
285.0, +5.678e-005
284.0, +5.817e-005
283.0, +5.970e-005
282.0, +6.165e-005
281.0, +6.333e-005
280.0, +6.489e-005
279.0, +6.662e-005
278.0, +6.853e-005
277.0, +7.036e-005
276.0, +7.180e-005
275.0, +7.347e-005
274.0, +7.562e-005
273.0, +7.745e-005
272.0, +7.917e-005
271.0, +8.105e-005
270.0, +8.326e-005
269.0, +8.552e-005
268.0, +8.728e-005
267.0, +8.919e-005
266.0, +9.165e-005
265.0, +9.372e-005
264.0, +9.570e-005
263.0, +9.783e-005
262.0, +1.003e-004
261.0, +1.028e-004
260.0, +1.048e-004
259.0, +1.070e-004
258.0, +1.099e-004
257.0, +1.124e-004
256.0, +1.148e-004
255.0, +1.172e-004
254.0, +1.199e-004
253.0, +1.227e-004
252.0, +1.247e-004
251.0, +1.268e-004
250.0, +1.295e-004
249.0, +1.319e-004
248.0, +1.341e-004
247.0, +1.363e-004
246.0, +1.389e-004
245.0, +1.416e-004
244.0, +1.436e-004
243.0, +1.459e-004
242.0, +1.487e-004
241.0, +1.511e-004
240.0, +1.533e-004
239.0, +1.554e-004
238.0, +1.580e-004
237.0, +1.606e-004
236.0, +1.625e-004
235.0, +1.645e-004
234.0, +1.671e-004
233.0, +1.694e-004
232.0, +1.715e-004
231.0, +1.737e-004
230.0, +1.762e-004
229.0, +1.787e-004
228.0, +1.804e-004
227.0, +1.821e-004
226.0, +1.843e-004
225.0, +1.860e-004
224.0, +1.874e-004
223.0, +1.889e-004
222.0, +1.907e-004
221.0, +1.925e-004
220.0, +1.935e-004
219.0, +1.948e-004
218.0, +1.965e-004
217.0, +1.979e-004
216.0, +1.989e-004
215.0, +2.000e-004
214.0, +2.012e-004
213.0, +2.025e-004
212.0, +2.031e-004
211.0, +2.038e-004
210.0, +2.050e-004
209.0, +2.059e-004
208.0, +2.064e-004
207.0, +2.071e-004
206.0, +2.081e-004
205.0, +2.091e-004
204.0, +2.093e-004
203.0, +2.097e-004
202.0, +2.104e-004
201.0, +2.106e-004
200.0, +2.105e-004
199.0, +2.104e-004
198.0, +2.105e-004
197.0, +2.108e-004
196.0, +2.103e-004
195.0, +2.100e-004
194.0, +2.101e-004
193.0, +2.099e-004
192.0, +2.096e-004
191.0, +2.092e-004
190.0, +2.090e-004
189.0, +2.089e-004
188.0, +2.082e-004
187.0, +2.076e-004
186.0, +2.074e-004
185.0, +2.069e-004
184.0, +2.062e-004
183.0, +2.055e-004
182.0, +2.051e-004
181.0, +2.047e-004
180.0, +2.039e-004
179.0, +2.031e-004
178.0, +2.027e-004
177.0, +2.019e-004
176.0, +2.010e-004
175.0, +2.000e-004
174.0, +1.992e-004
173.0, +1.984e-004
172.0, +1.972e-004
171.0, +1.961e-004
170.0, +1.954e-004
169.0, +1.944e-004
168.0, +1.933e-004
167.0, +1.923e-004
166.0, +1.915e-004
165.0, +1.907e-004
164.0, +1.895e-004
163.0, +1.885e-004
162.0, +1.876e-004
161.0, +1.866e-004
160.0, +1.856e-004
159.0, +1.846e-004
158.0, +1.837e-004
157.0, +1.828e-004
156.0, +1.817e-004
155.0, +1.807e-004
154.0, +1.800e-004
153.0, +1.790e-004
152.0, +1.780e-004
151.0, +1.771e-004
150.0, +1.762e-004
149.0, +1.754e-004
148.0, +1.743e-004
147.0, +1.732e-004
146.0, +1.725e-004
145.0, +1.715e-004
144.0, +1.705e-004
143.0, +1.697e-004
142.0, +1.689e-004
141.0, +1.681e-004
140.0, +1.672e-004
139.0, +1.662e-004
138.0, +1.655e-004
137.0, +1.645e-004
136.0, +1.637e-004
135.0, +1.628e-004
134.0, +1.621e-004
133.0, +1.613e-004
132.0, +1.605e-004
131.0, +1.596e-004
130.0, +1.590e-004
129.0, +1.582e-004
128.0, +1.575e-004
127.0, +1.567e-004
126.0, +1.560e-004
125.0, +1.554e-004
124.0, +1.545e-004
123.0, +1.537e-004
122.0, +1.531e-004
121.0, +1.523e-004
120.0, +1.516e-004
119.0, +1.509e-004
118.0, +1.502e-004
117.0, +1.495e-004
116.0, +1.488e-004
115.0, +1.482e-004
114.0, +1.476e-004
113.0, +1.469e-004
112.0, +1.463e-004
111.0, +1.457e-004
110.0, +1.452e-004
109.0, +1.446e-004
108.0, +1.439e-004
107.0, +1.434e-004
106.0, +1.428e-004
105.0, +1.422e-004
104.0, +1.416e-004
103.0, +1.412e-004
102.0, +1.407e-004
101.0, +1.402e-004
100.0, +1.395e-004
99.0, +1.390e-004
98.0, +1.386e-004
97.0, +1.380e-004
96.0, +1.374e-004
95.0, +1.370e-004
94.0, +1.365e-004
93.0, +1.361e-004
92.0, +1.355e-004
91.0, +1.350e-004
90.0, +1.346e-004
89.0, +1.341e-004
88.0, +1.336e-004
87.0, +1.332e-004
86.0, +1.327e-004
85.0, +1.323e-004
84.0, +1.318e-004
83.0, +1.314e-004
82.0, +1.311e-004
81.0, +1.306e-004
80.0, +1.302e-004
79.0, +1.299e-004
78.0, +1.296e-004
77.0, +1.292e-004
76.0, +1.288e-004
75.0, +1.284e-004
74.0, +1.280e-004
73.0, +1.276e-004
72.0, +1.271e-004
71.0, +1.268e-004
70.0, +1.265e-004
69.0, +1.261e-004
68.0, +1.257e-004
67.0, +1.253e-004
66.0, +1.250e-004
65.0, +1.247e-004
64.0, +1.243e-004
63.0, +1.240e-004
62.0, +1.238e-004
61.0, +1.235e-004
60.0, +1.231e-004
59.0, +1.228e-004
58.0, +1.225e-004
57.0, +1.221e-004
56.0, +1.218e-004
55.0, +1.215e-004
54.0, +1.213e-004
53.0, +1.210e-004
52.0, +1.207e-004
51.0, +1.204e-004
50.0, +1.202e-004
49.0, +1.198e-004
48.0, +1.196e-004
47.0, +1.193e-004
46.0, +1.191e-004
45.0, +1.188e-004
44.0, +1.185e-004
43.0, +1.182e-004
42.0, +1.180e-004
41.0, +1.177e-004
40.0, +1.174e-004
39.0, +1.172e-004
38.0, +1.170e-004
37.0, +1.168e-004
36.0, +1.165e-004
35.0, +1.162e-004
34.0, +1.160e-004
33.0, +1.157e-004
32.0, +1.155e-004
31.0, +1.153e-004
30.0, +1.151e-004
29.0, +1.149e-004
28.0, +1.147e-004
27.0, +1.144e-004
26.0, +1.143e-004
25.0, +1.140e-004
24.0, +1.138e-004
23.0, +1.137e-004
22.0, +1.135e-004
21.0, +1.134e-004
20.0, +1.131e-004
19.0, +1.129e-004
18.0, +1.128e-004
17.0, +1.125e-004
16.0, +1.123e-004
15.0, +1.122e-004
14.0, +1.120e-004
13.0, +1.118e-004
12.0, +1.116e-004
11.0, +1.114e-004
10.0, +1.112e-004
9.0, +1.110e-004
8.0, +1.108e-004
7.0, +1.107e-004
6.0, +1.106e-004
5.0, +1.105e-004
4.0, +1.103e-004
3.0, +1.102e-004
2.0, +1.101e-004
1.0, +1.099e-004
0.0, +1.098e-004
-1.0, +1.097e-004
-2.0, +1.096e-004
-3.0, +1.095e-004
-4.0, +1.093e-004
-5.0, +1.091e-004
-6.0, +1.091e-004
-7.0, +1.088e-004
-8.0, +1.086e-004
-9.0, +1.085e-004
-10.0, +1.084e-004
-11.0, +1.083e-004
-12.0, +1.081e-004
-13.0, +1.080e-004
-14.0, +1.080e-004
-15.0, +1.078e-004
-16.0, +1.077e-004
-17.0, +1.076e-004
-18.0, +1.075e-004
-19.0, +1.074e-004
-20.0, +1.072e-004
-21.0, +1.071e-004
-22.0, +1.071e-004
-23.0, +1.070e-004
-24.0, +1.069e-004
-25.0, +1.069e-004
-26.0, +1.069e-004
-27.0, +1.068e-004
-28.0, +1.067e-004
-29.0, +1.066e-004
-30.0, +1.065e-004
-31.0, +1.064e-004
-32.0, +1.063e-004
-33.0, +1.062e-004
-34.0, +1.062e-004
-35.0, +1.062e-004
-36.0, +1.061e-004
-37.0, +1.060e-004
-38.0, +1.060e-004
-39.0, +1.059e-004
-40.0, +1.059e-004
-41.0, +1.059e-004
-42.0, +1.058e-004
-43.0, +1.058e-004
-44.0, +1.057e-004
-45.0, +1.056e-004
-46.0, +1.057e-004
-47.0, +1.055e-004
-48.0, +1.051e-004
-49.0, +1.050e-004
-50.0, +1.049e-004
*
Segment = 2
Positive
Number of Data Points = 600
#
-49.0, +1.031e-004
-48.0, +1.021e-004
-47.0, +1.011e-004
-46.0, +1.004e-004
-45.0, +9.960e-005
-44.0, +9.891e-005
-43.0, +9.835e-005
-42.0, +9.781e-005
-41.0, +9.739e-005
-40.0, +9.683e-005
-39.0, +9.643e-005
-38.0, +9.598e-005
-37.0, +9.555e-005
-36.0, +9.508e-005
-35.0, +9.470e-005
-34.0, +9.429e-005
-33.0, +9.387e-005
-32.0, +9.345e-005
-31.0, +9.315e-005
-30.0, +9.272e-005
-29.0, +9.229e-005
-28.0, +9.186e-005
-27.0, +9.145e-005
-26.0, +9.118e-005
-25.0, +9.081e-005
-24.0, +9.039e-005
-23.0, +9.013e-005
-22.0, +8.980e-005
-21.0, +8.948e-005
-20.0, +8.919e-005
-19.0, +8.889e-005
-18.0, +8.861e-005
-17.0, +8.833e-005
-16.0, +8.799e-005
-15.0, +8.780e-005
-14.0, +8.749e-005
-13.0, +8.710e-005
-12.0, +8.670e-005
-11.0, +8.638e-005
-10.0, +8.611e-005
-9.0, +8.586e-005
-8.0, +8.546e-005
-7.0, +8.522e-005
-6.0, +8.503e-005
-5.0, +8.473e-005
-4.0, +8.446e-005
-3.0, +8.418e-005
-2.0, +8.393e-005
-1.0, +8.368e-005
0.0, +8.340e-005
1.0, +8.315e-005
2.0, +8.298e-005
3.0, +8.270e-005
4.0, +8.248e-005
5.0, +8.222e-005
6.0, +8.205e-005
7.0, +8.180e-005
8.0, +8.153e-005
9.0, +8.128e-005
10.0, +8.110e-005
11.0, +8.080e-005
12.0, +8.056e-005
13.0, +8.031e-005
14.0, +8.015e-005
15.0, +8.000e-005
16.0, +7.976e-005
17.0, +7.962e-005
18.0, +7.944e-005
19.0, +7.921e-005
20.0, +7.902e-005
21.0, +7.884e-005
22.0, +7.866e-005
23.0, +7.847e-005
24.0, +7.814e-005
25.0, +7.802e-005
26.0, +7.774e-005
27.0, +7.748e-005
28.0, +7.723e-005
29.0, +7.701e-005
30.0, +7.687e-005
31.0, +7.666e-005
32.0, +7.639e-005
33.0, +7.626e-005
34.0, +7.609e-005
35.0, +7.581e-005
36.0, +7.559e-005
37.0, +7.536e-005
38.0, +7.524e-005
39.0, +7.510e-005
40.0, +7.489e-005
41.0, +7.477e-005
42.0, +7.462e-005
43.0, +7.442e-005
44.0, +7.423e-005
45.0, +7.407e-005
46.0, +7.389e-005
47.0, +7.369e-005
48.0, +7.342e-005
49.0, +7.329e-005
50.0, +7.311e-005
51.0, +7.283e-005
52.0, +7.256e-005
53.0, +7.232e-005
54.0, +7.220e-005
55.0, +7.205e-005
56.0, +7.183e-005
57.0, +7.171e-005
58.0, +7.156e-005
59.0, +7.138e-005
60.0, +7.123e-005
61.0, +7.105e-005
62.0, +7.090e-005
63.0, +7.070e-005
64.0, +7.044e-005
65.0, +7.032e-005
66.0, +7.014e-005
67.0, +6.987e-005
68.0, +6.961e-005
69.0, +6.936e-005
70.0, +6.923e-005
71.0, +6.900e-005
72.0, +6.873e-005
73.0, +6.862e-005
74.0, +6.846e-005
75.0, +6.823e-005
76.0, +6.803e-005
77.0, +6.783e-005
78.0, +6.771e-005
79.0, +6.757e-005
80.0, +6.730e-005
81.0, +6.718e-005
82.0, +6.705e-005
83.0, +6.684e-005
84.0, +6.661e-005
85.0, +6.640e-005
86.0, +6.626e-005
87.0, +6.601e-005
88.0, +6.573e-005
89.0, +6.553e-005
90.0, +6.536e-005
91.0, +6.509e-005
92.0, +6.482e-005
93.0, +6.454e-005
94.0, +6.443e-005
95.0, +6.424e-005
96.0, +6.397e-005
97.0, +6.380e-005
98.0, +6.363e-005
99.0, +6.334e-005
100.0, +6.306e-005
101.0, +6.276e-005
102.0, +6.255e-005
103.0, +6.227e-005
104.0, +6.191e-005
105.0, +6.171e-005
106.0, +6.154e-005
107.0, +6.127e-005
108.0, +6.100e-005
109.0, +6.071e-005
110.0, +6.057e-005
111.0, +6.032e-005
112.0, +6.000e-005
113.0, +5.980e-005
114.0, +5.963e-005
115.0, +5.934e-005
116.0, +5.906e-005
117.0, +5.876e-005
118.0, +5.858e-005
119.0, +5.830e-005
120.0, +5.788e-005
121.0, +5.763e-005
122.0, +5.733e-005
123.0, +5.692e-005
124.0, +5.650e-005
125.0, +5.609e-005
126.0, +5.580e-005
127.0, +5.546e-005
128.0, +5.491e-005
129.0, +5.459e-005
130.0, +5.427e-005
131.0, +5.385e-005
132.0, +5.343e-005
133.0, +5.300e-005
134.0, +5.268e-005
135.0, +5.228e-005
136.0, +5.172e-005
137.0, +5.133e-005
138.0, +5.089e-005
139.0, +5.034e-005
140.0, +4.978e-005
141.0, +4.924e-005
142.0, +4.883e-005
143.0, +4.833e-005
144.0, +4.763e-005
145.0, +4.720e-005
146.0, +4.674e-005
147.0, +4.606e-005
148.0, +4.538e-005
149.0, +4.472e-005
150.0, +4.419e-005
151.0, +4.350e-005
152.0, +4.256e-005
153.0, +4.186e-005
154.0, +4.121e-005
155.0, +4.039e-005
156.0, +3.949e-005
157.0, +3.863e-005
158.0, +3.806e-005
159.0, +3.735e-005
160.0, +3.630e-005
161.0, +3.552e-005
162.0, +3.471e-005
163.0, +3.375e-005
164.0, +3.274e-005
165.0, +3.163e-005
166.0, +3.080e-005
167.0, +2.980e-005
168.0, +2.850e-005
169.0, +2.749e-005
170.0, +2.649e-005
171.0, +2.535e-005
172.0, +2.409e-005
173.0, +2.281e-005
174.0, +2.183e-005
175.0, +2.064e-005
176.0, +1.911e-005
177.0, +1.786e-005
178.0, +1.650e-005
179.0, +1.505e-005
180.0, +1.334e-005
181.0, +1.166e-005
182.0, +1.029e-005
183.0, +8.767e-006
184.0, +6.967e-006
185.0, +5.454e-006
186.0, +4.015e-006
187.0, +2.415e-006
188.0, +6.017e-007
189.0, -1.234e-006
190.0, -2.651e-006
191.0, -4.329e-006
192.0, -6.422e-006
193.0, -8.288e-006
194.0, -1.001e-005
195.0, -1.196e-005
196.0, -1.406e-005
197.0, -1.628e-005
198.0, -1.806e-005
199.0, -2.003e-005
200.0, -2.251e-005
201.0, -2.470e-005
202.0, -2.668e-005
203.0, -2.901e-005
204.0, -3.166e-005
205.0, -3.435e-005
206.0, -3.653e-005
207.0, -3.885e-005
208.0, -4.164e-005
209.0, -4.404e-005
210.0, -4.617e-005
211.0, -4.841e-005
212.0, -5.096e-005
213.0, -5.360e-005
214.0, -5.566e-005
215.0, -5.791e-005
216.0, -6.078e-005
217.0, -6.329e-005
218.0, -6.556e-005
219.0, -6.799e-005
220.0, -7.069e-005
221.0, -7.344e-005
222.0, -7.552e-005
223.0, -7.784e-005
224.0, -8.064e-005
225.0, -8.316e-005
226.0, -8.544e-005
227.0, -8.781e-005
228.0, -9.060e-005
229.0, -9.352e-005
230.0, -9.579e-005
231.0, -9.829e-005
232.0, -1.013e-004
233.0, -1.037e-004
234.0, -1.060e-004
235.0, -1.081e-004
236.0, -1.105e-004
237.0, -1.128e-004
238.0, -1.144e-004
239.0, -1.163e-004
240.0, -1.187e-004
241.0, -1.206e-004
242.0, -1.223e-004
243.0, -1.241e-004
244.0, -1.262e-004
245.0, -1.283e-004
246.0, -1.296e-004
247.0, -1.311e-004
248.0, -1.331e-004
249.0, -1.346e-004
250.0, -1.358e-004
251.0, -1.371e-004
252.0, -1.386e-004
253.0, -1.401e-004
254.0, -1.411e-004
255.0, -1.423e-004
256.0, -1.439e-004
257.0, -1.451e-004
258.0, -1.460e-004
259.0, -1.468e-004
260.0, -1.479e-004
261.0, -1.488e-004
262.0, -1.491e-004
263.0, -1.495e-004
264.0, -1.503e-004
265.0, -1.507e-004
266.0, -1.508e-004
267.0, -1.510e-004
268.0, -1.514e-004
269.0, -1.518e-004
270.0, -1.516e-004
271.0, -1.515e-004
272.0, -1.519e-004
273.0, -1.517e-004
274.0, -1.515e-004
275.0, -1.512e-004
276.0, -1.512e-004
277.0, -1.512e-004
278.0, -1.506e-004
279.0, -1.501e-004
280.0, -1.502e-004
281.0, -1.499e-004
282.0, -1.494e-004
283.0, -1.488e-004
284.0, -1.485e-004
285.0, -1.482e-004
286.0, -1.473e-004
287.0, -1.464e-004
288.0, -1.459e-004
289.0, -1.452e-004
290.0, -1.442e-004
291.0, -1.434e-004
292.0, -1.427e-004
293.0, -1.420e-004
294.0, -1.410e-004
295.0, -1.401e-004
296.0, -1.395e-004
297.0, -1.386e-004
298.0, -1.375e-004
299.0, -1.366e-004
300.0, -1.358e-004
301.0, -1.350e-004
302.0, -1.338e-004
303.0, -1.328e-004
304.0, -1.320e-004
305.0, -1.311e-004
306.0, -1.301e-004
307.0, -1.293e-004
308.0, -1.286e-004
309.0, -1.278e-004
310.0, -1.267e-004
311.0, -1.256e-004
312.0, -1.248e-004
313.0, -1.238e-004
314.0, -1.227e-004
315.0, -1.217e-004
316.0, -1.208e-004
317.0, -1.200e-004
318.0, -1.189e-004
319.0, -1.179e-004
320.0, -1.172e-004
321.0, -1.162e-004
322.0, -1.152e-004
323.0, -1.143e-004
324.0, -1.134e-004
325.0, -1.126e-004
326.0, -1.115e-004
327.0, -1.106e-004
328.0, -1.099e-004
329.0, -1.090e-004
330.0, -1.081e-004
331.0, -1.074e-004
332.0, -1.067e-004
333.0, -1.059e-004
334.0, -1.050e-004
335.0, -1.042e-004
336.0, -1.036e-004
337.0, -1.027e-004
338.0, -1.018e-004
339.0, -1.010e-004
340.0, -1.003e-004
341.0, -9.958e-005
342.0, -9.874e-005
343.0, -9.792e-005
344.0, -9.736e-005
345.0, -9.663e-005
346.0, -9.588e-005
347.0, -9.525e-005
348.0, -9.463e-005
349.0, -9.398e-005
350.0, -9.318e-005
351.0, -9.251e-005
352.0, -9.196e-005
353.0, -9.127e-005
354.0, -9.055e-005
355.0, -8.994e-005
356.0, -8.945e-005
357.0, -8.898e-005
358.0, -8.833e-005
359.0, -8.776e-005
360.0, -8.730e-005
361.0, -8.670e-005
362.0, -8.614e-005
363.0, -8.557e-005
364.0, -8.503e-005
365.0, -8.449e-005
366.0, -8.381e-005
367.0, -8.322e-005
368.0, -8.280e-005
369.0, -8.217e-005
370.0, -8.157e-005
371.0, -8.114e-005
372.0, -8.071e-005
373.0, -8.028e-005
374.0, -7.971e-005
375.0, -7.916e-005
376.0, -7.880e-005
377.0, -7.830e-005
378.0, -7.778e-005
379.0, -7.737e-005
380.0, -7.695e-005
381.0, -7.654e-005
382.0, -7.610e-005
383.0, -7.568e-005
384.0, -7.536e-005
385.0, -7.487e-005
386.0, -7.440e-005
387.0, -7.407e-005
388.0, -7.375e-005
389.0, -7.335e-005
390.0, -7.289e-005
391.0, -7.252e-005
392.0, -7.228e-005
393.0, -7.181e-005
394.0, -7.139e-005
395.0, -7.109e-005
396.0, -7.081e-005
397.0, -7.043e-005
398.0, -6.999e-005
399.0, -6.959e-005
400.0, -6.940e-005
401.0, -6.897e-005
402.0, -6.858e-005
403.0, -6.831e-005
404.0, -6.803e-005
405.0, -6.771e-005
406.0, -6.729e-005
407.0, -6.694e-005
408.0, -6.674e-005
409.0, -6.633e-005
410.0, -6.595e-005
411.0, -6.574e-005
412.0, -6.552e-005
413.0, -6.526e-005
414.0, -6.490e-005
415.0, -6.461e-005
416.0, -6.446e-005
417.0, -6.414e-005
418.0, -6.381e-005
419.0, -6.355e-005
420.0, -6.333e-005
421.0, -6.308e-005
422.0, -6.277e-005
423.0, -6.249e-005
424.0, -6.234e-005
425.0, -6.204e-005
426.0, -6.177e-005
427.0, -6.156e-005
428.0, -6.140e-005
429.0, -6.115e-005
430.0, -6.085e-005
431.0, -6.059e-005
432.0, -6.045e-005
433.0, -6.016e-005
434.0, -5.993e-005
435.0, -5.981e-005
436.0, -5.967e-005
437.0, -5.948e-005
438.0, -5.921e-005
439.0, -5.896e-005
440.0, -5.882e-005
441.0, -5.854e-005
442.0, -5.824e-005
443.0, -5.810e-005
444.0, -5.796e-005
445.0, -5.781e-005
446.0, -5.762e-005
447.0, -5.746e-005
448.0, -5.741e-005
449.0, -5.715e-005
450.0, -5.691e-005
451.0, -5.684e-005
452.0, -5.669e-005
453.0, -5.653e-005
454.0, -5.627e-005
455.0, -5.613e-005
456.0, -5.612e-005
457.0, -5.594e-005
458.0, -5.569e-005
459.0, -5.569e-005
460.0, -5.561e-005
461.0, -5.552e-005
462.0, -5.525e-005
463.0, -5.511e-005
464.0, -5.511e-005
465.0, -5.485e-005
466.0, -5.459e-005
467.0, -5.448e-005
468.0, -5.441e-005
469.0, -5.430e-005
470.0, -5.402e-005
471.0, -5.381e-005
472.0, -5.385e-005
473.0, -5.364e-005
474.0, -5.349e-005
475.0, -5.342e-005
476.0, -5.338e-005
477.0, -5.331e-005
478.0, -5.310e-005
479.0, -5.302e-005
480.0, -5.307e-005
481.0, -5.291e-005
482.0, -5.273e-005
483.0, -5.273e-005
484.0, -5.273e-005
485.0, -5.273e-005
486.0, -5.256e-005
487.0, -5.242e-005
488.0, -5.244e-005
489.0, -5.227e-005
490.0, -5.212e-005
491.0, -5.205e-005
492.0, -5.203e-005
493.0, -5.192e-005
494.0, -5.176e-005
495.0, -5.172e-005
496.0, -5.185e-005
497.0, -5.162e-005
498.0, -5.151e-005
499.0, -5.153e-005
500.0, -5.153e-005
501.0, -5.150e-005
502.0, -5.127e-005
503.0, -5.114e-005
504.0, -5.125e-005
505.0, -5.108e-005
506.0, -5.088e-005
507.0, -5.089e-005
508.0, -5.091e-005
509.0, -5.090e-005
510.0, -5.077e-005
511.0, -5.077e-005
512.0, -5.091e-005
513.0, -5.084e-005
514.0, -5.073e-005
515.0, -5.076e-005
516.0, -5.076e-005
517.0, -5.075e-005
518.0, -5.054e-005
519.0, -5.047e-005
520.0, -5.060e-005
521.0, -5.049e-005
522.0, -5.037e-005
523.0, -5.044e-005
524.0, -5.044e-005
525.0, -5.047e-005
526.0, -5.033e-005
527.0, -5.023e-005
528.0, -5.037e-005
529.0, -5.021e-005
530.0, -5.012e-005
531.0, -5.019e-005
532.0, -5.022e-005
533.0, -5.023e-005
534.0, -5.007e-005
535.0, -5.006e-005
536.0, -5.030e-005
537.0, -5.019e-005
538.0, -5.014e-005
539.0, -5.023e-005
540.0, -5.029e-005
541.0, -5.035e-005
542.0, -5.014e-005
543.0, -5.004e-005
544.0, -5.022e-005
545.0, -5.007e-005
546.0, -4.995e-005
547.0, -5.001e-005
548.0, -5.021e-005
549.0, -5.005e-005
550.0, -5.066e-005
*
**
