0.299	3.14E-09
0.298	5.10E-09
0.297	6.54E-09
0.296	7.81E-09
0.295	9.01E-09
0.294	1.02E-08
0.293	1.13E-08
0.292	1.24E-08
0.291	1.35E-08
0.29	1.47E-08
0.289	1.58E-08
0.288	1.70E-08
0.287	1.82E-08
0.286	1.94E-08
0.285	2.06E-08
0.284	2.19E-08
0.283	2.32E-08
0.282	2.46E-08
0.281	2.60E-08
0.28	2.74E-08
0.279	2.89E-08
0.278	3.05E-08
0.277	3.20E-08
0.276	3.37E-08
0.275	3.54E-08
0.274	3.71E-08
0.273	3.90E-08
0.272	4.09E-08
0.271	4.28E-08
0.27	4.48E-08
0.269	4.69E-08
0.268	4.91E-08
0.267	5.14E-08
0.266	5.37E-08
0.265	5.61E-08
0.264	5.86E-08
0.263	6.13E-08
0.262	6.40E-08
0.261	6.68E-08
0.26	6.97E-08
0.259	7.27E-08
0.258	7.59E-08
0.257	7.91E-08
0.256	8.25E-08
0.255	8.60E-08
0.254	8.97E-08
0.253	9.35E-08
0.252	9.74E-08
0.251	1.02E-07
0.25	1.06E-07
0.249	1.10E-07
0.248	1.15E-07
0.247	1.20E-07
0.246	1.24E-07
0.245	1.30E-07
0.244	1.35E-07
0.243	1.40E-07
0.242	1.46E-07
0.241	1.52E-07
0.24	1.58E-07
0.239	1.65E-07
0.238	1.72E-07
0.237	1.79E-07
0.236	1.86E-07
0.235	1.93E-07
0.234	2.01E-07
0.233	2.09E-07
0.232	2.18E-07
0.231	2.26E-07
0.23	2.35E-07
0.229	2.45E-07
0.228	2.55E-07
0.227	2.65E-07
0.226	2.75E-07
0.225	2.86E-07
0.224	2.98E-07
0.223	3.10E-07
0.222	3.22E-07
0.221	3.35E-07
0.22	3.48E-07
0.219	3.62E-07
0.218	3.76E-07
0.217	3.91E-07
0.216	4.06E-07
0.215	4.22E-07
0.214	4.39E-07
0.213	4.56E-07
0.212	4.74E-07
0.211	4.93E-07
0.21	5.12E-07
0.209	5.32E-07
0.208	5.53E-07
0.207	5.75E-07
0.206	5.97E-07
0.205	6.21E-07
0.204	6.45E-07
0.203	6.70E-07
0.202	6.96E-07
0.201	7.23E-07
0.2	7.52E-07
0.199	7.81E-07
0.198	8.11E-07
0.197	8.43E-07
0.196	8.76E-07
0.195	9.10E-07
0.194	9.45E-07
0.193	9.81E-07
0.192	1.02E-06
0.191	1.06E-06
0.19	1.10E-06
0.189	1.14E-06
0.188	1.19E-06
0.187	1.23E-06
0.186	1.28E-06
0.185	1.33E-06
0.184	1.38E-06
0.183	1.43E-06
0.182	1.49E-06
0.181	1.55E-06
0.18	1.61E-06
0.179	1.67E-06
0.178	1.73E-06
0.177	1.80E-06
0.176	1.87E-06
0.175	1.94E-06
0.174	2.01E-06
0.173	2.09E-06
0.172	2.17E-06
0.171	2.25E-06
0.17	2.34E-06
0.169	2.43E-06
0.168	2.52E-06
0.167	2.61E-06
0.166	2.71E-06
0.165	2.82E-06
0.164	2.92E-06
0.163	3.03E-06
0.162	3.15E-06
0.161	3.27E-06
0.16	3.39E-06
0.159	3.52E-06
0.158	3.65E-06
0.157	3.79E-06
0.156	3.93E-06
0.155	4.08E-06
0.154	4.23E-06
0.153	4.39E-06
0.152	4.55E-06
0.151	4.72E-06
0.15	4.90E-06
0.149	5.08E-06
0.148	5.27E-06
0.147	5.47E-06
0.146	5.67E-06
0.145	5.88E-06
0.144	6.10E-06
0.143	6.32E-06
0.142	6.56E-06
0.141	6.80E-06
0.14	7.05E-06
0.139	7.31E-06
0.138	7.58E-06
0.137	7.86E-06
0.136	8.15E-06
0.135	8.44E-06
0.134	8.75E-06
0.133	9.07E-06
0.132	9.40E-06
0.131	9.75E-06
0.13	1.01E-05
0.129	1.05E-05
0.128	1.08E-05
0.127	1.12E-05
0.126	1.16E-05
0.125	1.21E-05
0.124	1.25E-05
0.123	1.29E-05
0.122	1.34E-05
0.121	1.39E-05
0.12	1.44E-05
0.119	1.49E-05
0.118	1.54E-05
0.117	1.60E-05
0.116	1.65E-05
0.115	1.71E-05
0.114	1.77E-05
0.113	1.84E-05
0.112	1.90E-05
0.111	1.97E-05
0.11	2.03E-05
0.109	2.11E-05
0.108	2.18E-05
0.107	2.25E-05
0.106	2.33E-05
0.105	2.41E-05
0.104	2.50E-05
0.103	2.58E-05
0.102	2.67E-05
0.101	2.76E-05
0.1	2.86E-05
0.099	2.95E-05
0.098	3.05E-05
0.097	3.16E-05
0.096	3.26E-05
0.095	3.37E-05
0.094	3.49E-05
0.093	3.60E-05
0.092	3.73E-05
0.091	3.85E-05
0.09	3.98E-05
0.089	4.11E-05
0.088	4.24E-05
0.087	4.38E-05
0.086	4.53E-05
0.085	4.67E-05
0.084	4.83E-05
0.083	4.98E-05
0.082	5.14E-05
0.081	5.31E-05
0.08	5.48E-05
0.079	5.66E-05
0.078	5.84E-05
0.077	6.02E-05
0.076	6.21E-05
0.075	6.41E-05
0.074	6.61E-05
0.073	6.82E-05
0.072	7.03E-05
0.071	7.24E-05
0.07	7.47E-05
0.069	7.70E-05
0.068	7.93E-05
0.067	8.18E-05
0.066	8.42E-05
0.065	8.68E-05
0.064	8.94E-05
0.063	9.21E-05
0.062	9.48E-05
0.061	9.76E-05
0.06	0.00010048
0.059	0.00010343
0.058	0.00010645
0.057	0.00010954
0.056	0.0001127
0.055	0.00011594
0.054	0.00011925
0.053	0.00012264
0.052	0.0001261
0.051	0.00012965
0.05	0.00013327
0.049	0.00013697
0.048	0.00014075
0.047	0.00014461
0.046	0.00014855
0.045	0.00015258
0.044	0.00015668
0.043	0.00016087
0.042	0.00016515
0.041	0.0001695
0.04	0.00017395
0.039	0.00017847
0.038	0.00018309
0.037	0.00018778
0.036	0.00019257
0.035	0.00019743
0.034	0.00020239
0.033	0.00020743
0.032	0.00021255
0.031	0.00021776
0.03	0.00022305
0.029	0.00022843
0.028	0.00023389
0.027	0.00023943
0.026	0.00024506
0.025	0.00025076
0.024	0.00025655
0.023	0.00026242
0.022	0.00026836
0.021	0.00027438
0.02	0.00028048
0.019	0.00028665
0.018	0.00029289
0.017	0.00029921
0.016	0.00030559
0.015	0.00031204
0.014	0.00031856
0.013	0.00032514
0.012	0.00033178
0.011	0.00033848
0.01	0.00034523
0.009	0.00035204
0.008	0.0003589
0.007	0.0003658
0.006	0.00037275
0.005	0.00037974
0.004	0.00038677
0.003	0.00039384
0.002	0.00040093
0.001	0.00040806
-2.15E-16	0.00041521
-0.001	0.00042238
-0.002	0.00042956
-0.003	0.00043676
-0.004	0.00044397
-0.005	0.00045118
-0.006	0.0004584
-0.007	0.00046561
-0.008	0.00047281
-0.009	0.00048
-0.01	0.00048717
-0.011	0.00049432
-0.012	0.00050144
-0.013	0.00050854
-0.014	0.0005156
-0.015	0.00052261
-0.016	0.00052959
-0.017	0.00053651
-0.018	0.00054338
-0.019	0.00055019
-0.02	0.00055694
-0.021	0.00056361
-0.022	0.00057022
-0.023	0.00057675
-0.024	0.00058319
-0.025	0.00058955
-0.026	0.00059581
-0.027	0.00060199
-0.028	0.00060806
-0.029	0.00061402
-0.03	0.00061988
-0.031	0.00062563
-0.032	0.00063126
-0.033	0.00063677
-0.034	0.00064216
-0.035	0.00064741
-0.036	0.00065254
-0.037	0.00065754
-0.038	0.0006624
-0.039	0.00066711
-0.04	0.00067169
-0.041	0.00067612
-0.042	0.0006804
-0.043	0.00068454
-0.044	0.00068852
-0.045	0.00069235
-0.046	0.00069602
-0.047	0.00069954
-0.048	0.00070289
-0.049	0.00070609
-0.05	0.00070913
-0.051	0.00071202
-0.052	0.00071474
-0.053	0.00071729
-0.054	0.00071969
-0.055	0.00072193
-0.056	0.00072401
-0.057	0.00072593
-0.058	0.00072768
-0.059	0.00072929
-0.06	0.00073073
-0.061	0.00073202
-0.062	0.00073315
-0.063	0.00073413
-0.064	0.00073497
-0.065	0.00073565
-0.066	0.00073618
-0.067	0.00073658
-0.068	0.00073683
-0.069	0.00073694
-0.07	0.00073691
-0.071	0.00073675
-0.072	0.00073646
-0.073	0.00073604
-0.074	0.00073549
-0.075	0.00073483
-0.076	0.00073404
-0.077	0.00073314
-0.078	0.00073212
-0.079	0.000731
-0.08	0.00072977
-0.081	0.00072843
-0.082	0.000727
-0.083	0.00072548
-0.084	0.00072386
-0.085	0.00072215
-0.086	0.00072036
-0.087	0.00071848
-0.088	0.00071653
-0.089	0.0007145
-0.09	0.0007124
-0.091	0.00071023
-0.092	0.000708
-0.093	0.00070571
-0.094	0.00070335
-0.095	0.00070095
-0.096	0.00069849
-0.097	0.00069598
-0.098	0.00069342
-0.099	0.00069082
-0.1	0.00068818
-0.101	0.00068551
-0.102	0.0006828
-0.103	0.00068005
-0.104	0.00067728
-0.105	0.00067448
-0.106	0.00067166
-0.107	0.00066881
-0.108	0.00066594
-0.109	0.00066306
-0.11	0.00066016
-0.111	0.00065725
-0.112	0.00065432
-0.113	0.00065139
-0.114	0.00064845
-0.115	0.0006455
-0.116	0.00064255
-0.117	0.00063959
-0.118	0.00063664
-0.119	0.00063368
-0.12	0.00063073
-0.121	0.00062778
-0.122	0.00062483
-0.123	0.00062189
-0.124	0.00061896
-0.125	0.00061603
-0.126	0.00061312
-0.127	0.00061021
-0.128	0.00060732
-0.129	0.00060443
-0.13	0.00060156
-0.131	0.0005987
-0.132	0.00059586
-0.133	0.00059303
-0.134	0.00059021
-0.135	0.00058742
-0.136	0.00058463
-0.137	0.00058187
-0.138	0.00057912
-0.139	0.00057639
-0.14	0.00057368
-0.141	0.00057099
-0.142	0.00056832
-0.143	0.00056566
-0.144	0.00056303
-0.145	0.00056041
-0.146	0.00055782
-0.147	0.00055524
-0.148	0.00055269
-0.149	0.00055015
-0.15	0.00054764
-0.151	0.00054515
-0.152	0.00054268
-0.153	0.00054023
-0.154	0.0005378
-0.155	0.00053539
-0.156	0.000533
-0.157	0.00053064
-0.158	0.00052829
-0.159	0.00052597
-0.16	0.00052366
-0.161	0.00052138
-0.162	0.00051912
-0.163	0.00051688
-0.164	0.00051465
-0.165	0.00051245
-0.166	0.00051027
-0.167	0.00050811
-0.168	0.00050598
-0.169	0.00050386
-0.17	0.00050176
-0.171	0.00049968
-0.172	0.00049762
-0.173	0.00049558
-0.174	0.00049356
-0.175	0.00049156
-0.176	0.00048957
-0.177	0.00048761
-0.178	0.00048566
-0.179	0.00048374
-0.18	0.00048183
-0.181	0.00047994
-0.182	0.00047807
-0.183	0.00047622
-0.184	0.00047438
-0.185	0.00047256
-0.186	0.00047076
-0.187	0.00046898
-0.188	0.00046721
-0.189	0.00046546
-0.19	0.00046373
-0.191	0.00046201
-0.192	0.00046031
-0.193	0.00045863
-0.194	0.00045696
-0.195	0.00045531
-0.196	0.00045367
-0.197	0.00045205
-0.198	0.00045044
-0.199	0.00044885
-0.2	0.00044727
-0.201	0.00044571
-0.202	0.00044417
-0.203	0.00044263
-0.204	0.00044111
-0.205	0.00043961
-0.206	0.00043812
-0.207	0.00043664
-0.208	0.00043518
-0.209	0.00043373
-0.21	0.00043229
-0.211	0.00043087
-0.212	0.00042946
-0.213	0.00042806
-0.214	0.00042668
-0.215	0.00042531
-0.216	0.00042395
-0.217	0.0004226
-0.218	0.00042126
-0.219	0.00041994
-0.22	0.00041862
-0.221	0.00041732
-0.222	0.00041603
-0.223	0.00041476
-0.224	0.00041349
-0.225	0.00041223
-0.226	0.00041099
-0.227	0.00040975
-0.228	0.00040853
-0.229	0.00040732
-0.23	0.00040611
-0.231	0.00040492
-0.232	0.00040374
-0.233	0.00040257
-0.234	0.0004014
-0.235	0.00040025
-0.236	0.00039911
-0.237	0.00039797
-0.238	0.00039685
-0.239	0.00039573
-0.24	0.00039463
-0.241	0.00039353
-0.242	0.00039244
-0.243	0.00039136
-0.244	0.00039029
-0.245	0.00038923
-0.246	0.00038818
-0.247	0.00038713
-0.248	0.0003861
-0.249	0.00038507
-0.25	0.00038405
-0.251	0.00038304
-0.252	0.00038203
-0.253	0.00038104
-0.254	0.00038005
-0.255	0.00037907
-0.256	0.00037809
-0.257	0.00037713
-0.258	0.00037617
-0.259	0.00037522
-0.26	0.00037428
-0.261	0.00037334
-0.262	0.00037241
-0.263	0.00037149
-0.264	0.00037057
-0.265	0.00036966
-0.266	0.00036876
-0.267	0.00036786
-0.268	0.00036698
-0.269	0.00036609
-0.27	0.00036522
-0.271	0.00036435
-0.272	0.00036348
-0.273	0.00036263
-0.274	0.00036178
-0.275	0.00036093
-0.276	0.00036009
-0.277	0.00035926
-0.278	0.00035843
-0.279	0.00035761
-0.28	0.0003568
-0.281	0.00035599
-0.282	0.00035518
-0.283	0.00035438
-0.284	0.00035359
-0.285	0.0003528
-0.286	0.00035202
-0.287	0.00035124
-0.288	0.00035047
-0.289	0.00034971
-0.29	0.00034895
-0.291	0.00034819
-0.292	0.00034744
-0.293	0.00034669
-0.294	0.00034595
-0.295	0.00034521
-0.296	0.00034448
-0.297	0.00034376
-0.298	0.00034303
-0.299	0.00034232
-0.3	0.00034161
-0.301	0.0003409
-0.302	0.00034019
-0.303	0.0003395
-0.304	0.0003388
-0.305	0.00033811
-0.306	0.00033743
-0.307	0.00033674
-0.308	0.00033607
-0.309	0.00033539
-0.31	0.00033473
-0.311	0.00033406
-0.312	0.0003334
-0.313	0.00033274
-0.314	0.00033209
-0.315	0.00033144
-0.316	0.0003308
-0.317	0.00033016
-0.318	0.00032952
-0.319	0.00032889
-0.32	0.00032826
-0.321	0.00032764
-0.322	0.00032701
-0.323	0.0003264
-0.324	0.00032578
-0.325	0.00032517
-0.326	0.00032456
-0.327	0.00032396
-0.328	0.00032336
-0.329	0.00032276
-0.33	0.00032217
-0.331	0.00032158
-0.332	0.000321
-0.333	0.00032041
-0.334	0.00031983
-0.335	0.00031926
-0.336	0.00031868
-0.337	0.00031811
-0.338	0.00031755
-0.339	0.00031698
-0.34	0.00031642
-0.341	0.00031587
-0.342	0.00031531
-0.343	0.00031476
-0.344	0.00031421
-0.345	0.00031367
-0.346	0.00031313
-0.347	0.00031259
-0.348	0.00031205
-0.349	0.00031152
-0.35	0.00031099
-0.351	0.00031046
-0.352	0.00030993
-0.353	0.00030941
-0.354	0.00030889
-0.355	0.00030838
-0.356	0.00030786
-0.357	0.00030735
-0.358	0.00030684
-0.359	0.00030634
-0.36	0.00030583
-0.361	0.00030533
-0.362	0.00030483
-0.363	0.00030434
-0.364	0.00030384
-0.365	0.00030335
-0.366	0.00030287
-0.367	0.00030238
-0.368	0.0003019
-0.369	0.00030142
-0.37	0.00030094
-0.371	0.00030046
-0.372	0.00029999
-0.373	0.00029952
-0.374	0.00029905
-0.375	0.00029858
-0.376	0.00029812
-0.377	0.00029766
-0.378	0.0002972
-0.379	0.00029674
-0.38	0.00029628
-0.381	0.00029583
-0.382	0.00029538
-0.383	0.00029493
-0.384	0.00029448
-0.385	0.00029404
-0.386	0.0002936
-0.387	0.00029316
-0.388	0.00029272
-0.389	0.00029228
-0.39	0.00029185
-0.391	0.00029141
-0.392	0.00029098
-0.393	0.00029056
-0.394	0.00029013
-0.395	0.00028971
-0.396	0.00028928
-0.397	0.00028886
-0.398	0.00028844
-0.399	0.00028803
-0.4	0.00028761
-0.399	0.00028716
-0.398	0.00028672
-0.397	0.00028629
-0.396	0.00028587
-0.395	0.00028545
-0.394	0.00028504
-0.393	0.00028463
-0.392	0.00028422
-0.391	0.00028381
-0.39	0.0002834
-0.389	0.000283
-0.388	0.0002826
-0.387	0.0002822
-0.386	0.0002818
-0.385	0.00028141
-0.384	0.00028101
-0.383	0.00028062
-0.382	0.00028023
-0.381	0.00027985
-0.38	0.00027946
-0.379	0.00027907
-0.378	0.00027869
-0.377	0.00027831
-0.376	0.00027793
-0.375	0.00027755
-0.374	0.00027717
-0.373	0.0002768
-0.372	0.00027643
-0.371	0.00027605
-0.37	0.00027568
-0.369	0.00027531
-0.368	0.00027495
-0.367	0.00027458
-0.366	0.00027422
-0.365	0.00027385
-0.364	0.00027349
-0.363	0.00027313
-0.362	0.00027277
-0.361	0.00027241
-0.36	0.00027206
-0.359	0.0002717
-0.358	0.00027135
-0.357	0.000271
-0.356	0.00027064
-0.355	0.00027029
-0.354	0.00026995
-0.353	0.0002696
-0.352	0.00026925
-0.351	0.00026891
-0.35	0.00026856
-0.349	0.00026822
-0.348	0.00026788
-0.347	0.00026754
-0.346	0.0002672
-0.345	0.00026686
-0.344	0.00026652
-0.343	0.00026619
-0.342	0.00026585
-0.341	0.00026552
-0.34	0.00026519
-0.339	0.00026486
-0.338	0.00026453
-0.337	0.0002642
-0.336	0.00026387
-0.335	0.00026354
-0.334	0.00026321
-0.333	0.00026289
-0.332	0.00026257
-0.331	0.00026224
-0.33	0.00026192
-0.329	0.0002616
-0.328	0.00026128
-0.327	0.00026096
-0.326	0.00026064
-0.325	0.00026032
-0.324	0.00026
-0.323	0.00025969
-0.322	0.00025937
-0.321	0.00025906
-0.32	0.00025875
-0.319	0.00025843
-0.318	0.00025812
-0.317	0.00025781
-0.316	0.0002575
-0.315	0.00025719
-0.314	0.00025688
-0.313	0.00025658
-0.312	0.00025627
-0.311	0.00025596
-0.31	0.00025566
-0.309	0.00025535
-0.308	0.00025505
-0.307	0.00025474
-0.306	0.00025444
-0.305	0.00025414
-0.304	0.00025384
-0.303	0.00025354
-0.302	0.00025324
-0.301	0.00025294
-0.3	0.00025264
-0.299	0.00025234
-0.298	0.00025204
-0.297	0.00025175
-0.296	0.00025145
-0.295	0.00025115
-0.294	0.00025086
-0.293	0.00025056
-0.292	0.00025027
-0.291	0.00024997
-0.29	0.00024968
-0.289	0.00024939
-0.288	0.00024909
-0.287	0.0002488
-0.286	0.00024851
-0.285	0.00024822
-0.284	0.00024793
-0.283	0.00024764
-0.282	0.00024735
-0.281	0.00024706
-0.28	0.00024677
-0.279	0.00024648
-0.278	0.00024619
-0.277	0.0002459
-0.276	0.00024561
-0.275	0.00024532
-0.274	0.00024504
-0.273	0.00024475
-0.272	0.00024446
-0.271	0.00024417
-0.27	0.00024389
-0.269	0.0002436
-0.268	0.00024331
-0.267	0.00024302
-0.266	0.00024274
-0.265	0.00024245
-0.264	0.00024216
-0.263	0.00024188
-0.262	0.00024159
-0.261	0.00024131
-0.26	0.00024102
-0.259	0.00024073
-0.258	0.00024045
-0.257	0.00024016
-0.256	0.00023987
-0.255	0.00023959
-0.254	0.0002393
-0.253	0.00023901
-0.252	0.00023872
-0.251	0.00023844
-0.25	0.00023815
-0.249	0.00023786
-0.248	0.00023757
-0.247	0.00023728
-0.246	0.00023699
-0.245	0.0002367
-0.244	0.00023641
-0.243	0.00023612
-0.242	0.00023583
-0.241	0.00023554
-0.24	0.00023525
-0.239	0.00023496
-0.238	0.00023467
-0.237	0.00023437
-0.236	0.00023408
-0.235	0.00023378
-0.234	0.00023349
-0.233	0.00023319
-0.232	0.0002329
-0.231	0.0002326
-0.23	0.0002323
-0.229	0.000232
-0.228	0.0002317
-0.227	0.0002314
-0.226	0.0002311
-0.225	0.00023079
-0.224	0.00023049
-0.223	0.00023019
-0.222	0.00022988
-0.221	0.00022957
-0.22	0.00022926
-0.219	0.00022895
-0.218	0.00022864
-0.217	0.00022833
-0.216	0.00022802
-0.215	0.0002277
-0.214	0.00022738
-0.213	0.00022707
-0.212	0.00022675
-0.211	0.00022642
-0.21	0.0002261
-0.209	0.00022578
-0.208	0.00022545
-0.207	0.00022512
-0.206	0.00022479
-0.205	0.00022446
-0.204	0.00022412
-0.203	0.00022378
-0.202	0.00022345
-0.201	0.0002231
-0.2	0.00022276
-0.199	0.00022242
-0.198	0.00022207
-0.197	0.00022172
-0.196	0.00022136
-0.195	0.00022101
-0.194	0.00022065
-0.193	0.00022028
-0.192	0.00021992
-0.191	0.00021955
-0.19	0.00021918
-0.189	0.00021881
-0.188	0.00021843
-0.187	0.00021805
-0.186	0.00021766
-0.185	0.00021728
-0.184	0.00021689
-0.183	0.00021649
-0.182	0.00021609
-0.181	0.00021569
-0.18	0.00021528
-0.179	0.00021487
-0.178	0.00021445
-0.177	0.00021403
-0.176	0.00021361
-0.175	0.00021318
-0.174	0.00021274
-0.173	0.0002123
-0.172	0.00021186
-0.171	0.00021141
-0.17	0.00021095
-0.169	0.00021049
-0.168	0.00021003
-0.167	0.00020955
-0.166	0.00020908
-0.165	0.00020859
-0.164	0.0002081
-0.163	0.0002076
-0.162	0.0002071
-0.161	0.00020659
-0.16	0.00020607
-0.159	0.00020554
-0.158	0.00020501
-0.157	0.00020447
-0.156	0.00020392
-0.155	0.00020336
-0.154	0.0002028
-0.153	0.00020222
-0.152	0.00020164
-0.151	0.00020105
-0.15	0.00020045
-0.149	0.00019984
-0.148	0.00019922
-0.147	0.00019859
-0.146	0.00019795
-0.145	0.0001973
-0.144	0.00019664
-0.143	0.00019597
-0.142	0.00019528
-0.141	0.00019459
-0.14	0.00019388
-0.139	0.00019316
-0.138	0.00019242
-0.137	0.00019168
-0.136	0.00019092
-0.135	0.00019015
-0.134	0.00018936
-0.133	0.00018856
-0.132	0.00018774
-0.131	0.00018691
-0.13	0.00018607
-0.129	0.0001852
-0.128	0.00018433
-0.127	0.00018343
-0.126	0.00018252
-0.125	0.00018159
-0.124	0.00018064
-0.123	0.00017967
-0.122	0.00017869
-0.121	0.00017768
-0.12	0.00017665
-0.119	0.00017561
-0.118	0.00017454
-0.117	0.00017345
-0.116	0.00017234
-0.115	0.00017121
-0.114	0.00017006
-0.113	0.00016888
-0.112	0.00016767
-0.111	0.00016644
-0.11	0.00016519
-0.109	0.00016391
-0.108	0.0001626
-0.107	0.00016127
-0.106	0.00015991
-0.105	0.00015852
-0.104	0.0001571
-0.103	0.00015565
-0.102	0.00015417
-0.101	0.00015266
-0.1	0.00015112
-0.099	0.00014954
-0.098	0.00014793
-0.097	0.00014629
-0.096	0.00014461
-0.095	0.0001429
-0.094	0.00014115
-0.093	0.00013936
-0.092	0.00013754
-0.091	0.00013567
-0.09	0.00013377
-0.089	0.00013183
-0.088	0.00012984
-0.087	0.00012782
-0.086	0.00012575
-0.085	0.00012364
-0.084	0.00012148
-0.083	0.00011928
-0.082	0.00011703
-0.081	0.00011473
-0.08	0.00011239
-0.079	0.00010999
-0.078	0.00010755
-0.077	0.00010506
-0.076	0.00010251
-0.075	9.99E-05
-0.074	9.73E-05
-0.073	9.46E-05
-0.072	9.18E-05
-0.071	8.90E-05
-0.07	8.61E-05
-0.069	8.32E-05
-0.068	8.02E-05
-0.067	7.72E-05
-0.066	7.41E-05
-0.065	7.09E-05
-0.064	6.77E-05
-0.063	6.44E-05
-0.062	6.10E-05
-0.061	5.76E-05
-0.06	5.41E-05
-0.059	5.06E-05
-0.058	4.70E-05
-0.057	4.33E-05
-0.056	3.95E-05
-0.055	3.57E-05
-0.054	3.18E-05
-0.053	2.79E-05
-0.052	2.39E-05
-0.051	1.98E-05
-0.05	1.56E-05
-0.049	1.14E-05
-0.048	7.07E-06
-0.047	2.69E-06
-0.046	-1.75E-06
-0.045	-6.27E-06
-0.044	-1.09E-05
-0.043	-1.55E-05
-0.042	-2.03E-05
-0.041	-2.51E-05
-0.04	-3.00E-05
-0.039	-3.49E-05
-0.038	-3.99E-05
-0.037	-4.50E-05
-0.036	-5.02E-05
-0.035	-5.54E-05
-0.034	-6.07E-05
-0.033	-6.61E-05
-0.032	-7.16E-05
-0.031	-7.71E-05
-0.03	-8.27E-05
-0.029	-8.83E-05
-0.028	-9.41E-05
-0.027	-9.98E-05
-0.026	-0.00010569
-0.025	-0.0001116
-0.024	-0.00011757
-0.023	-0.0001236
-0.022	-0.0001297
-0.021	-0.00013584
-0.02	-0.00014205
-0.019	-0.0001483
-0.018	-0.00015461
-0.017	-0.00016097
-0.016	-0.00016737
-0.015	-0.00017382
-0.014	-0.00018031
-0.013	-0.00018685
-0.012	-0.00019342
-0.011	-0.00020002
-0.01	-0.00020666
-0.009	-0.00021333
-0.008	-0.00022003
-0.007	-0.00022675
-0.006	-0.00023349
-0.005	-0.00024024
-0.004	-0.00024701
-0.003	-0.0002538
-0.002	-0.00026059
-0.001	-0.00026738
-1.73E-16	-0.00027417
0.001	-0.00028096
0.002	-0.00028775
0.003	-0.00029452
0.004	-0.00030128
0.005	-0.00030801
0.006	-0.00031473
0.007	-0.00032141
0.008	-0.00032807
0.009	-0.00033469
0.01	-0.00034127
0.011	-0.00034781
0.012	-0.0003543
0.013	-0.00036074
0.014	-0.00036712
0.015	-0.00037344
0.016	-0.00037969
0.017	-0.00038588
0.018	-0.00039199
0.019	-0.00039803
0.02	-0.00040398
0.021	-0.00040985
0.022	-0.00041563
0.023	-0.00042131
0.024	-0.0004269
0.025	-0.00043238
0.026	-0.00043776
0.027	-0.00044304
0.028	-0.00044819
0.029	-0.00045324
0.03	-0.00045816
0.031	-0.00046297
0.032	-0.00046764
0.033	-0.00047219
0.034	-0.00047661
0.035	-0.00048089
0.036	-0.00048504
0.037	-0.00048905
0.038	-0.00049292
0.039	-0.00049665
0.04	-0.00050023
0.041	-0.00050367
0.042	-0.00050695
0.043	-0.00051009
0.044	-0.00051308
0.045	-0.00051592
0.046	-0.00051861
0.047	-0.00052114
0.048	-0.00052353
0.049	-0.00052575
0.05	-0.00052783
0.051	-0.00052975
0.052	-0.00053153
0.053	-0.00053315
0.054	-0.00053462
0.055	-0.00053593
0.056	-0.0005371
0.057	-0.00053813
0.058	-0.000539
0.059	-0.00053973
0.06	-0.00054032
0.061	-0.00054077
0.062	-0.00054108
0.063	-0.00054125
0.064	-0.00054128
0.065	-0.00054119
0.066	-0.00054096
0.067	-0.00054061
0.068	-0.00054013
0.069	-0.00053953
0.07	-0.00053881
0.071	-0.00053798
0.072	-0.00053703
0.073	-0.00053598
0.074	-0.00053481
0.075	-0.00053355
0.076	-0.00053218
0.077	-0.00053072
0.078	-0.00052917
0.079	-0.00052752
0.08	-0.00052579
0.081	-0.00052398
0.082	-0.00052208
0.083	-0.00052011
0.084	-0.00051807
0.085	-0.00051596
0.086	-0.00051378
0.087	-0.00051154
0.088	-0.00050924
0.089	-0.00050688
0.09	-0.00050447
0.091	-0.00050201
0.092	-0.0004995
0.093	-0.00049694
0.094	-0.00049435
0.095	-0.00049172
0.096	-0.00048905
0.097	-0.00048635
0.098	-0.00048361
0.099	-0.00048086
0.1	-0.00047807
0.101	-0.00047527
0.102	-0.00047244
0.103	-0.0004696
0.104	-0.00046674
0.105	-0.00046386
0.106	-0.00046098
0.107	-0.00045809
0.108	-0.00045519
0.109	-0.00045228
0.11	-0.00044937
0.111	-0.00044646
0.112	-0.00044355
0.113	-0.00044064
0.114	-0.00043773
0.115	-0.00043482
0.116	-0.00043193
0.117	-0.00042904
0.118	-0.00042615
0.119	-0.00042328
0.12	-0.00042041
0.121	-0.00041756
0.122	-0.00041472
0.123	-0.0004119
0.124	-0.00040908
0.125	-0.00040629
0.126	-0.0004035
0.127	-0.00040074
0.128	-0.00039799
0.129	-0.00039526
0.13	-0.00039255
0.131	-0.00038985
0.132	-0.00038718
0.133	-0.00038452
0.134	-0.00038189
0.135	-0.00037927
0.136	-0.00037668
0.137	-0.00037411
0.138	-0.00037156
0.139	-0.00036903
0.14	-0.00036652
0.141	-0.00036403
0.142	-0.00036157
0.143	-0.00035913
0.144	-0.00035671
0.145	-0.00035431
0.146	-0.00035194
0.147	-0.00034958
0.148	-0.00034725
0.149	-0.00034495
0.15	-0.00034266
0.151	-0.0003404
0.152	-0.00033816
0.153	-0.00033594
0.154	-0.00033375
0.155	-0.00033158
0.156	-0.00032942
0.157	-0.00032729
0.158	-0.00032519
0.159	-0.0003231
0.16	-0.00032104
0.161	-0.000319
0.162	-0.00031697
0.163	-0.00031497
0.164	-0.000313
0.165	-0.00031104
0.166	-0.0003091
0.167	-0.00030718
0.168	-0.00030529
0.169	-0.00030341
0.17	-0.00030155
0.171	-0.00029971
0.172	-0.0002979
0.173	-0.0002961
0.174	-0.00029432
0.175	-0.00029256
0.176	-0.00029082
0.177	-0.00028909
0.178	-0.00028739
0.179	-0.0002857
0.18	-0.00028403
0.181	-0.00028238
0.182	-0.00028075
0.183	-0.00027913
0.184	-0.00027753
0.185	-0.00027595
0.186	-0.00027438
0.187	-0.00027283
0.188	-0.0002713
0.189	-0.00026978
0.19	-0.00026828
0.191	-0.00026679
0.192	-0.00026532
0.193	-0.00026387
0.194	-0.00026243
0.195	-0.000261
0.196	-0.00025959
0.197	-0.00025819
0.198	-0.00025681
0.199	-0.00025544
0.2	-0.00025409
0.201	-0.00025275
0.202	-0.00025142
0.203	-0.00025011
0.204	-0.00024881
0.205	-0.00024752
0.206	-0.00024625
0.207	-0.00024499
0.208	-0.00024374
0.209	-0.0002425
0.21	-0.00024128
0.211	-0.00024006
0.212	-0.00023886
0.213	-0.00023767
0.214	-0.0002365
0.215	-0.00023533
0.216	-0.00023418
0.217	-0.00023303
0.218	-0.0002319
0.219	-0.00023078
0.22	-0.00022967
0.221	-0.00022857
0.222	-0.00022747
0.223	-0.00022639
0.224	-0.00022532
0.225	-0.00022426
0.226	-0.00022321
0.227	-0.00022217
0.228	-0.00022114
0.229	-0.00022012
0.23	-0.00021911
0.231	-0.00021811
0.232	-0.00021711
0.233	-0.00021613
0.234	-0.00021515
0.235	-0.00021419
0.236	-0.00021323
0.237	-0.00021228
0.238	-0.00021134
0.239	-0.0002104
0.24	-0.00020948
0.241	-0.00020856
0.242	-0.00020765
0.243	-0.00020675
0.244	-0.00020586
0.245	-0.00020497
0.246	-0.00020409
0.247	-0.00020322
0.248	-0.00020236
0.249	-0.0002015
0.25	-0.00020065
0.251	-0.00019981
0.252	-0.00019898
0.253	-0.00019815
0.254	-0.00019733
0.255	-0.00019651
0.256	-0.00019571
0.257	-0.00019491
0.258	-0.00019411
0.259	-0.00019333
0.26	-0.00019254
0.261	-0.00019177
0.262	-0.000191
0.263	-0.00019024
0.264	-0.00018948
0.265	-0.00018873
0.266	-0.00018799
0.267	-0.00018725
0.268	-0.00018651
0.269	-0.00018579
0.27	-0.00018506
0.271	-0.00018435
0.272	-0.00018364
0.273	-0.00018293
0.274	-0.00018223
0.275	-0.00018154
0.276	-0.00018085
0.277	-0.00018016
0.278	-0.00017949
0.279	-0.00017881
0.28	-0.00017814
0.281	-0.00017748
0.282	-0.00017682
0.283	-0.00017617
0.284	-0.00017552
0.285	-0.00017487
0.286	-0.00017423
0.287	-0.0001736
0.288	-0.00017297
0.289	-0.00017234
0.29	-0.00017172
0.291	-0.0001711
0.292	-0.00017049
0.293	-0.00016988
0.294	-0.00016928
0.295	-0.00016868
0.296	-0.00016808
0.297	-0.00016749
0.298	-0.0001669
0.299	-0.00016632
0.3	-0.00016574