0.299	1.09E-11
0.298	2.18E-11
0.297	3.27E-11
0.296	4.36E-11
0.295	5.46E-11
0.294	6.55E-11
0.293	7.65E-11
0.292	8.74E-11
0.291	9.84E-11
0.29	1.09E-10
0.289	1.21E-10
0.288	1.32E-10
0.287	1.43E-10
0.286	1.54E-10
0.285	1.65E-10
0.284	1.77E-10
0.283	1.88E-10
0.282	2.00E-10
0.281	2.11E-10
0.28	2.23E-10
0.279	2.35E-10
0.278	2.46E-10
0.277	2.58E-10
0.276	2.70E-10
0.275	2.83E-10
0.274	2.95E-10
0.273	3.07E-10
0.272	3.20E-10
0.271	3.32E-10
0.27	3.45E-10
0.269	3.58E-10
0.268	3.71E-10
0.267	3.84E-10
0.266	3.97E-10
0.265	4.11E-10
0.264	4.24E-10
0.263	4.38E-10
0.262	4.52E-10
0.261	4.66E-10
0.26	4.80E-10
0.259	4.95E-10
0.258	5.09E-10
0.257	5.24E-10
0.256	5.39E-10
0.255	5.54E-10
0.254	5.70E-10
0.253	5.86E-10
0.252	6.02E-10
0.251	6.18E-10
0.25	6.34E-10
0.249	6.51E-10
0.248	6.68E-10
0.247	6.85E-10
0.246	7.02E-10
0.245	7.20E-10
0.244	7.38E-10
0.243	7.56E-10
0.242	7.74E-10
0.241	7.93E-10
0.24	8.12E-10
0.239	8.32E-10
0.238	8.51E-10
0.237	8.71E-10
0.236	8.92E-10
0.235	9.13E-10
0.234	9.34E-10
0.233	9.55E-10
0.232	9.77E-10
0.231	9.99E-10
0.23	1.02E-09
0.229	1.04E-09
0.228	1.07E-09
0.227	1.09E-09
0.226	1.12E-09
0.225	1.14E-09
0.224	1.17E-09
0.223	1.19E-09
0.222	1.22E-09
0.221	1.24E-09
0.22	1.27E-09
0.219	1.30E-09
0.218	1.33E-09
0.217	1.35E-09
0.216	1.38E-09
0.215	1.41E-09
0.214	1.44E-09
0.213	1.47E-09
0.212	1.50E-09
0.211	1.53E-09
0.21	1.57E-09
0.209	1.60E-09
0.208	1.63E-09
0.207	1.67E-09
0.206	1.70E-09
0.205	1.74E-09
0.204	1.77E-09
0.203	1.81E-09
0.202	1.85E-09
0.201	1.88E-09
0.2	1.92E-09
0.199	1.96E-09
0.198	2.00E-09
0.197	2.04E-09
0.196	2.09E-09
0.195	2.13E-09
0.194	2.17E-09
0.193	2.22E-09
0.192	2.26E-09
0.191	2.31E-09
0.19	2.35E-09
0.189	2.40E-09
0.188	2.45E-09
0.187	2.50E-09
0.186	2.55E-09
0.185	2.60E-09
0.184	2.65E-09
0.183	2.71E-09
0.182	2.76E-09
0.181	2.82E-09
0.18	2.87E-09
0.179	2.93E-09
0.178	2.99E-09
0.177	3.05E-09
0.176	3.11E-09
0.175	3.17E-09
0.174	3.24E-09
0.173	3.30E-09
0.172	3.37E-09
0.171	3.43E-09
0.17	3.50E-09
0.169	3.57E-09
0.168	3.64E-09
0.167	3.72E-09
0.166	3.79E-09
0.165	3.87E-09
0.164	3.94E-09
0.163	4.02E-09
0.162	4.10E-09
0.161	4.18E-09
0.16	4.26E-09
0.159	4.35E-09
0.158	4.44E-09
0.157	4.52E-09
0.156	4.61E-09
0.155	4.70E-09
0.154	4.80E-09
0.153	4.89E-09
0.152	4.99E-09
0.151	5.09E-09
0.15	5.19E-09
0.149	5.29E-09
0.148	5.40E-09
0.147	5.50E-09
0.146	5.61E-09
0.145	5.72E-09
0.144	5.84E-09
0.143	5.95E-09
0.142	6.07E-09
0.141	6.19E-09
0.14	6.31E-09
0.139	6.44E-09
0.138	6.56E-09
0.137	6.69E-09
0.136	6.82E-09
0.135	6.96E-09
0.134	7.10E-09
0.133	7.24E-09
0.132	7.38E-09
0.131	7.52E-09
0.13	7.67E-09
0.129	7.82E-09
0.128	7.98E-09
0.127	8.14E-09
0.126	8.30E-09
0.125	8.46E-09
0.124	8.63E-09
0.123	8.80E-09
0.122	8.97E-09
0.121	9.15E-09
0.12	9.33E-09
0.119	9.51E-09
0.118	9.70E-09
0.117	9.89E-09
0.116	1.01E-08
0.115	1.03E-08
0.114	1.05E-08
0.113	1.07E-08
0.112	1.09E-08
0.111	1.11E-08
0.11	1.13E-08
0.109	1.16E-08
0.108	1.18E-08
0.107	1.20E-08
0.106	1.23E-08
0.105	1.25E-08
0.104	1.27E-08
0.103	1.30E-08
0.102	1.32E-08
0.101	1.35E-08
0.1	1.38E-08
0.099	1.40E-08
0.098	1.43E-08
0.097	1.46E-08
0.096	1.49E-08
0.095	1.52E-08
0.094	1.55E-08
0.093	1.58E-08
0.092	1.61E-08
0.091	1.64E-08
0.09	1.67E-08
0.089	1.71E-08
0.088	1.74E-08
0.087	1.77E-08
0.086	1.81E-08
0.085	1.84E-08
0.084	1.88E-08
0.083	1.92E-08
0.082	1.96E-08
0.081	1.99E-08
0.08	2.03E-08
0.079	2.07E-08
0.078	2.11E-08
0.077	2.16E-08
0.076	2.20E-08
0.075	2.24E-08
0.074	2.29E-08
0.073	2.33E-08
0.072	2.38E-08
0.071	2.42E-08
0.07	2.47E-08
0.069	2.52E-08
0.068	2.57E-08
0.067	2.62E-08
0.066	2.67E-08
0.065	2.72E-08
0.064	2.78E-08
0.063	2.83E-08
0.062	2.89E-08
0.061	2.94E-08
0.06	3.00E-08
0.059	3.06E-08
0.058	3.12E-08
0.057	3.18E-08
0.056	3.24E-08
0.055	3.31E-08
0.054	3.37E-08
0.053	3.44E-08
0.052	3.51E-08
0.051	3.58E-08
0.05	3.65E-08
0.049	3.72E-08
0.048	3.79E-08
0.047	3.87E-08
0.046	3.94E-08
0.045	4.02E-08
0.044	4.10E-08
0.043	4.18E-08
0.042	4.26E-08
0.041	4.34E-08
0.04	4.43E-08
0.039	4.52E-08
0.038	4.61E-08
0.037	4.70E-08
0.036	4.79E-08
0.035	4.88E-08
0.034	4.98E-08
0.033	5.08E-08
0.032	5.18E-08
0.031	5.28E-08
0.03	5.38E-08
0.029	5.49E-08
0.028	5.59E-08
0.027	5.70E-08
0.026	5.82E-08
0.025	5.93E-08
0.024	6.05E-08
0.023	6.17E-08
0.022	6.29E-08
0.021	6.41E-08
0.02	6.54E-08
0.019	6.67E-08
0.018	6.80E-08
0.017	6.93E-08
0.016	7.07E-08
0.015	7.21E-08
0.014	7.35E-08
0.013	7.49E-08
0.012	7.64E-08
0.011	7.79E-08
0.01	7.94E-08
0.009	8.10E-08
0.008	8.26E-08
0.007	8.42E-08
0.006	8.58E-08
0.005	8.75E-08
0.004	8.92E-08
0.003	9.10E-08
0.002	9.28E-08
0.001	9.46E-08
-2.15E-16	9.65E-08
-0.001	9.84E-08
-0.002	1.00E-07
-0.003	1.02E-07
-0.004	1.04E-07
-0.005	1.06E-07
-0.006	1.08E-07
-0.007	1.11E-07
-0.008	1.13E-07
-0.009	1.15E-07
-0.01	1.17E-07
-0.011	1.19E-07
-0.012	1.22E-07
-0.013	1.24E-07
-0.014	1.27E-07
-0.015	1.29E-07
-0.016	1.32E-07
-0.017	1.34E-07
-0.018	1.37E-07
-0.019	1.40E-07
-0.02	1.42E-07
-0.021	1.45E-07
-0.022	1.48E-07
-0.023	1.51E-07
-0.024	1.54E-07
-0.025	1.57E-07
-0.026	1.60E-07
-0.027	1.63E-07
-0.028	1.66E-07
-0.029	1.70E-07
-0.03	1.73E-07
-0.031	1.76E-07
-0.032	1.80E-07
-0.033	1.83E-07
-0.034	1.87E-07
-0.035	1.91E-07
-0.036	1.94E-07
-0.037	1.98E-07
-0.038	2.02E-07
-0.039	2.06E-07
-0.04	2.10E-07
-0.041	2.14E-07
-0.042	2.18E-07
-0.043	2.23E-07
-0.044	2.27E-07
-0.045	2.32E-07
-0.046	2.36E-07
-0.047	2.41E-07
-0.048	2.45E-07
-0.049	2.50E-07
-0.05	2.55E-07
-0.051	2.60E-07
-0.052	2.65E-07
-0.053	2.71E-07
-0.054	2.76E-07
-0.055	2.81E-07
-0.056	2.87E-07
-0.057	2.92E-07
-0.058	2.98E-07
-0.059	3.04E-07
-0.06	3.10E-07
-0.061	3.16E-07
-0.062	3.22E-07
-0.063	3.29E-07
-0.064	3.35E-07
-0.065	3.42E-07
-0.066	3.48E-07
-0.067	3.55E-07
-0.068	3.62E-07
-0.069	3.69E-07
-0.07	3.77E-07
-0.071	3.84E-07
-0.072	3.92E-07
-0.073	3.99E-07
-0.074	4.07E-07
-0.075	4.15E-07
-0.076	4.23E-07
-0.077	4.31E-07
-0.078	4.40E-07
-0.079	4.49E-07
-0.08	4.57E-07
-0.081	4.66E-07
-0.082	4.76E-07
-0.083	4.85E-07
-0.084	4.94E-07
-0.085	5.04E-07
-0.086	5.14E-07
-0.087	5.24E-07
-0.088	5.34E-07
-0.089	5.45E-07
-0.09	5.56E-07
-0.091	5.67E-07
-0.092	5.78E-07
-0.093	5.89E-07
-0.094	6.01E-07
-0.095	6.12E-07
-0.096	6.24E-07
-0.097	6.37E-07
-0.098	6.49E-07
-0.099	6.62E-07
-0.1	6.75E-07
-0.101	6.88E-07
-0.102	7.02E-07
-0.103	7.15E-07
-0.104	7.30E-07
-0.105	7.44E-07
-0.106	7.58E-07
-0.107	7.73E-07
-0.108	7.89E-07
-0.109	8.04E-07
-0.11	8.20E-07
-0.111	8.36E-07
-0.112	8.52E-07
-0.113	8.69E-07
-0.114	8.86E-07
-0.115	9.04E-07
-0.116	9.21E-07
-0.117	9.39E-07
-0.118	9.58E-07
-0.119	9.77E-07
-0.12	9.96E-07
-0.121	1.02E-06
-0.122	1.04E-06
-0.123	1.06E-06
-0.124	1.08E-06
-0.125	1.10E-06
-0.126	1.12E-06
-0.127	1.14E-06
-0.128	1.16E-06
-0.129	1.19E-06
-0.13	1.21E-06
-0.131	1.23E-06
-0.132	1.26E-06
-0.133	1.28E-06
-0.134	1.31E-06
-0.135	1.33E-06
-0.136	1.36E-06
-0.137	1.39E-06
-0.138	1.41E-06
-0.139	1.44E-06
-0.14	1.47E-06
-0.141	1.50E-06
-0.142	1.53E-06
-0.143	1.56E-06
-0.144	1.59E-06
-0.145	1.62E-06
-0.146	1.65E-06
-0.147	1.68E-06
-0.148	1.72E-06
-0.149	1.75E-06
-0.15	1.78E-06
-0.151	1.82E-06
-0.152	1.85E-06
-0.153	1.89E-06
-0.154	1.93E-06
-0.155	1.97E-06
-0.156	2.00E-06
-0.157	2.04E-06
-0.158	2.08E-06
-0.159	2.13E-06
-0.16	2.17E-06
-0.161	2.21E-06
-0.162	2.25E-06
-0.163	2.30E-06
-0.164	2.34E-06
-0.165	2.39E-06
-0.166	2.43E-06
-0.167	2.48E-06
-0.168	2.53E-06
-0.169	2.58E-06
-0.17	2.63E-06
-0.171	2.68E-06
-0.172	2.74E-06
-0.173	2.79E-06
-0.174	2.84E-06
-0.175	2.90E-06
-0.176	2.96E-06
-0.177	3.01E-06
-0.178	3.07E-06
-0.179	3.13E-06
-0.18	3.19E-06
-0.181	3.26E-06
-0.182	3.32E-06
-0.183	3.39E-06
-0.184	3.45E-06
-0.185	3.52E-06
-0.186	3.59E-06
-0.187	3.66E-06
-0.188	3.73E-06
-0.189	3.80E-06
-0.19	3.88E-06
-0.191	3.96E-06
-0.192	4.03E-06
-0.193	4.11E-06
-0.194	4.19E-06
-0.195	4.27E-06
-0.196	4.36E-06
-0.197	4.44E-06
-0.198	4.53E-06
-0.199	4.62E-06
-0.2	4.71E-06
-0.201	4.80E-06
-0.202	4.90E-06
-0.203	4.99E-06
-0.204	5.09E-06
-0.205	5.19E-06
-0.206	5.29E-06
-0.207	5.39E-06
-0.208	5.50E-06
-0.209	5.61E-06
-0.21	5.72E-06
-0.211	5.83E-06
-0.212	5.94E-06
-0.213	6.06E-06
-0.214	6.18E-06
-0.215	6.30E-06
-0.216	6.42E-06
-0.217	6.55E-06
-0.218	6.67E-06
-0.219	6.81E-06
-0.22	6.94E-06
-0.221	7.07E-06
-0.222	7.21E-06
-0.223	7.35E-06
-0.224	7.50E-06
-0.225	7.64E-06
-0.226	7.79E-06
-0.227	7.94E-06
-0.228	8.10E-06
-0.229	8.26E-06
-0.23	8.42E-06
-0.231	8.58E-06
-0.232	8.75E-06
-0.233	8.92E-06
-0.234	9.10E-06
-0.235	9.27E-06
-0.236	9.45E-06
-0.237	9.64E-06
-0.238	9.83E-06
-0.239	1.00E-05
-0.24	1.02E-05
-0.241	1.04E-05
-0.242	1.06E-05
-0.243	1.08E-05
-0.244	1.10E-05
-0.245	1.12E-05
-0.246	1.15E-05
-0.247	1.17E-05
-0.248	1.19E-05
-0.249	1.22E-05
-0.25	1.24E-05
-0.251	1.26E-05
-0.252	1.29E-05
-0.253	1.31E-05
-0.254	1.34E-05
-0.255	1.36E-05
-0.256	1.39E-05
-0.257	1.42E-05
-0.258	1.45E-05
-0.259	1.47E-05
-0.26	1.50E-05
-0.261	1.53E-05
-0.262	1.56E-05
-0.263	1.59E-05
-0.264	1.62E-05
-0.265	1.65E-05
-0.266	1.69E-05
-0.267	1.72E-05
-0.268	1.75E-05
-0.269	1.79E-05
-0.27	1.82E-05
-0.271	1.86E-05
-0.272	1.89E-05
-0.273	1.93E-05
-0.274	1.97E-05
-0.275	2.00E-05
-0.276	2.04E-05
-0.277	2.08E-05
-0.278	2.12E-05
-0.279	2.16E-05
-0.28	2.20E-05
-0.281	2.25E-05
-0.282	2.29E-05
-0.283	2.33E-05
-0.284	2.38E-05
-0.285	2.43E-05
-0.286	2.47E-05
-0.287	2.52E-05
-0.288	2.57E-05
-0.289	2.62E-05
-0.29	2.67E-05
-0.291	2.72E-05
-0.292	2.77E-05
-0.293	2.83E-05
-0.294	2.88E-05
-0.295	2.94E-05
-0.296	2.99E-05
-0.297	3.05E-05
-0.298	3.11E-05
-0.299	3.17E-05
-0.3	3.23E-05
-0.301	3.29E-05
-0.302	3.35E-05
-0.303	3.42E-05
-0.304	3.48E-05
-0.305	3.55E-05
-0.306	3.62E-05
-0.307	3.69E-05
-0.308	3.76E-05
-0.309	3.83E-05
-0.31	3.90E-05
-0.311	3.97E-05
-0.312	4.05E-05
-0.313	4.13E-05
-0.314	4.21E-05
-0.315	4.29E-05
-0.316	4.37E-05
-0.317	4.45E-05
-0.318	4.54E-05
-0.319	4.62E-05
-0.32	4.71E-05
-0.321	4.80E-05
-0.322	4.89E-05
-0.323	4.98E-05
-0.324	5.07E-05
-0.325	5.17E-05
-0.326	5.27E-05
-0.327	5.37E-05
-0.328	5.47E-05
-0.329	5.57E-05
-0.33	5.68E-05
-0.331	5.78E-05
-0.332	5.89E-05
-0.333	6.00E-05
-0.334	6.11E-05
-0.335	6.23E-05
-0.336	6.35E-05
-0.337	6.46E-05
-0.338	6.58E-05
-0.339	6.71E-05
-0.34	6.83E-05
-0.341	6.96E-05
-0.342	7.09E-05
-0.343	7.22E-05
-0.344	7.35E-05
-0.345	7.49E-05
-0.346	7.63E-05
-0.347	7.77E-05
-0.348	7.91E-05
-0.349	8.06E-05
-0.35	8.21E-05
-0.351	8.36E-05
-0.352	8.51E-05
-0.353	8.67E-05
-0.354	8.83E-05
-0.355	8.99E-05
-0.356	9.15E-05
-0.357	9.32E-05
-0.358	9.49E-05
-0.359	9.66E-05
-0.36	9.84E-05
-0.361	0.00010013
-0.362	0.00010194
-0.363	0.00010378
-0.364	0.00010566
-0.365	0.00010756
-0.366	0.00010949
-0.367	0.00011145
-0.368	0.00011345
-0.369	0.00011548
-0.37	0.00011754
-0.371	0.00011963
-0.372	0.00012175
-0.373	0.00012391
-0.374	0.0001261
-0.375	0.00012833
-0.376	0.00013059
-0.377	0.00013289
-0.378	0.00013522
-0.379	0.00013759
-0.38	0.00013999
-0.381	0.00014243
-0.382	0.00014491
-0.383	0.00014742
-0.384	0.00014997
-0.385	0.00015256
-0.386	0.00015518
-0.387	0.00015785
-0.388	0.00016055
-0.389	0.00016329
-0.39	0.00016607
-0.391	0.00016889
-0.392	0.00017175
-0.393	0.00017465
-0.394	0.00017759
-0.395	0.00018057
-0.396	0.00018358
-0.397	0.00018664
-0.398	0.00018975
-0.399	0.00019289
-0.4	0.00019607
-0.401	0.00019929
-0.402	0.00020256
-0.403	0.00020587
-0.404	0.00020922
-0.405	0.00021261
-0.406	0.00021604
-0.407	0.00021951
-0.408	0.00022303
-0.409	0.00022658
-0.41	0.00023018
-0.411	0.00023382
-0.412	0.00023751
-0.413	0.00024123
-0.414	0.00024499
-0.415	0.0002488
-0.416	0.00025265
-0.417	0.00025653
-0.418	0.00026046
-0.419	0.00026443
-0.42	0.00026844
-0.421	0.00027249
-0.422	0.00027657
-0.423	0.0002807
-0.424	0.00028486
-0.425	0.00028907
-0.426	0.00029331
-0.427	0.00029758
-0.428	0.00030189
-0.429	0.00030624
-0.43	0.00031063
-0.431	0.00031504
-0.432	0.00031949
-0.433	0.00032398
-0.434	0.00032849
-0.435	0.00033304
-0.436	0.00033762
-0.437	0.00034223
-0.438	0.00034686
-0.439	0.00035152
-0.44	0.00035621
-0.441	0.00036093
-0.442	0.00036566
-0.443	0.00037042
-0.444	0.00037521
-0.445	0.00038001
-0.446	0.00038483
-0.447	0.00038967
-0.448	0.00039452
-0.449	0.00039939
-0.45	0.00040428
-0.451	0.00040917
-0.452	0.00041407
-0.453	0.00041899
-0.454	0.00042391
-0.455	0.00042883
-0.456	0.00043376
-0.457	0.00043869
-0.458	0.00044362
-0.459	0.00044854
-0.46	0.00045346
-0.461	0.00045838
-0.462	0.00046329
-0.463	0.00046818
-0.464	0.00047307
-0.465	0.00047794
-0.466	0.00048279
-0.467	0.00048763
-0.468	0.00049244
-0.469	0.00049723
-0.47	0.000502
-0.471	0.00050673
-0.472	0.00051144
-0.473	0.00051612
-0.474	0.00052076
-0.475	0.00052537
-0.476	0.00052993
-0.477	0.00053446
-0.478	0.00053894
-0.479	0.00054338
-0.48	0.00054777
-0.481	0.0005521
-0.482	0.00055639
-0.483	0.00056062
-0.484	0.00056479
-0.485	0.00056891
-0.486	0.00057296
-0.487	0.00057695
-0.488	0.00058088
-0.489	0.00058473
-0.49	0.00058852
-0.491	0.00059223
-0.492	0.00059588
-0.493	0.00059944
-0.494	0.00060293
-0.495	0.00060634
-0.496	0.00060967
-0.497	0.00061291
-0.498	0.00061607
-0.499	0.00061915
-0.5	0.00062213
-0.501	0.00062503
-0.502	0.00062784
-0.503	0.00063056
-0.504	0.00063318
-0.505	0.00063572
-0.506	0.00063815
-0.507	0.00064049
-0.508	0.00064274
-0.509	0.00064488
-0.51	0.00064693
-0.511	0.00064889
-0.512	0.00065074
-0.513	0.00065249
-0.514	0.00065414
-0.515	0.0006557
-0.516	0.00065715
-0.517	0.00065851
-0.518	0.00065976
-0.519	0.00066091
-0.52	0.00066197
-0.521	0.00066293
-0.522	0.00066379
-0.523	0.00066455
-0.524	0.00066521
-0.525	0.00066578
-0.526	0.00066625
-0.527	0.00066662
-0.528	0.0006669
-0.529	0.00066709
-0.53	0.00066719
-0.531	0.0006672
-0.532	0.00066712
-0.533	0.00066695
-0.534	0.00066669
-0.535	0.00066635
-0.536	0.00066593
-0.537	0.00066542
-0.538	0.00066483
-0.539	0.00066417
-0.54	0.00066342
-0.541	0.00066261
-0.542	0.00066172
-0.543	0.00066075
-0.544	0.00065972
-0.545	0.00065862
-0.546	0.00065746
-0.547	0.00065623
-0.548	0.00065494
-0.549	0.00065359
-0.55	0.00065218
-0.551	0.00065071
-0.552	0.00064919
-0.553	0.00064762
-0.554	0.000646
-0.555	0.00064433
-0.556	0.00064261
-0.557	0.00064085
-0.558	0.00063905
-0.559	0.0006372
-0.56	0.00063532
-0.561	0.0006334
-0.562	0.00063145
-0.563	0.00062946
-0.564	0.00062744
-0.565	0.0006254
-0.566	0.00062332
-0.567	0.00062122
-0.568	0.00061909
-0.569	0.00061694
-0.57	0.00061477
-0.571	0.00061258
-0.572	0.00061037
-0.573	0.00060815
-0.574	0.00060591
-0.575	0.00060365
-0.576	0.00060139
-0.577	0.00059911
-0.578	0.00059682
-0.579	0.00059452
-0.58	0.00059222
-0.581	0.00058991
-0.582	0.00058759
-0.583	0.00058527
-0.584	0.00058295
-0.585	0.00058063
-0.586	0.0005783
-0.587	0.00057597
-0.588	0.00057365
-0.589	0.00057133
-0.59	0.000569
-0.591	0.00056669
-0.592	0.00056437
-0.593	0.00056206
-0.594	0.00055976
-0.595	0.00055746
-0.596	0.00055517
-0.597	0.00055289
-0.598	0.00055061
-0.599	0.00054834
-0.6	0.00054608
-0.599	0.0005343
-0.598	0.00052477
-0.597	0.00051688
-0.596	0.00051001
-0.595	0.00050377
-0.594	0.00049796
-0.593	0.0004925
-0.592	0.00048733
-0.591	0.0004824
-0.59	0.00047768
-0.589	0.00047313
-0.588	0.00046873
-0.587	0.00046447
-0.586	0.00046034
-0.585	0.00045631
-0.584	0.00045238
-0.583	0.00044855
-0.582	0.0004448
-0.581	0.00044112
-0.58	0.00043752
-0.579	0.00043398
-0.578	0.00043051
-0.577	0.00042709
-0.576	0.00042372
-0.575	0.00042041
-0.574	0.00041714
-0.573	0.00041392
-0.572	0.00041074
-0.571	0.0004076
-0.57	0.0004045
-0.569	0.00040144
-0.568	0.0003984
-0.567	0.0003954
-0.566	0.00039244
-0.565	0.0003895
-0.564	0.00038658
-0.563	0.0003837
-0.562	0.00038084
-0.561	0.000378
-0.56	0.00037519
-0.559	0.0003724
-0.558	0.00036963
-0.557	0.00036688
-0.556	0.00036415
-0.555	0.00036145
-0.554	0.00035875
-0.553	0.00035608
-0.552	0.00035342
-0.551	0.00035078
-0.55	0.00034815
-0.549	0.00034554
-0.548	0.00034295
-0.547	0.00034036
-0.546	0.0003378
-0.545	0.00033524
-0.544	0.0003327
-0.543	0.00033017
-0.542	0.00032765
-0.541	0.00032514
-0.54	0.00032265
-0.539	0.00032016
-0.538	0.00031769
-0.537	0.00031523
-0.536	0.00031278
-0.535	0.00031033
-0.534	0.0003079
-0.533	0.00030548
-0.532	0.00030307
-0.531	0.00030066
-0.53	0.00029827
-0.529	0.00029588
-0.528	0.00029351
-0.527	0.00029114
-0.526	0.00028878
-0.525	0.00028643
-0.524	0.00028409
-0.523	0.00028175
-0.522	0.00027943
-0.521	0.00027711
-0.52	0.0002748
-0.519	0.0002725
-0.518	0.00027021
-0.517	0.00026792
-0.516	0.00026564
-0.515	0.00026338
-0.514	0.00026111
-0.513	0.00025886
-0.512	0.00025662
-0.511	0.00025438
-0.51	0.00025215
-0.509	0.00024993
-0.508	0.00024772
-0.507	0.00024552
-0.506	0.00024332
-0.505	0.00024113
-0.504	0.00023895
-0.503	0.00023678
-0.502	0.00023462
-0.501	0.00023246
-0.5	0.00023032
-0.499	0.00022818
-0.498	0.00022605
-0.497	0.00022393
-0.496	0.00022182
-0.495	0.00021971
-0.494	0.00021762
-0.493	0.00021553
-0.492	0.00021346
-0.491	0.00021139
-0.49	0.00020933
-0.489	0.00020728
-0.488	0.00020524
-0.487	0.00020321
-0.486	0.00020119
-0.485	0.00019918
-0.484	0.00019718
-0.483	0.00019519
-0.482	0.00019321
-0.481	0.00019124
-0.48	0.00018927
-0.479	0.00018732
-0.478	0.00018538
-0.477	0.00018345
-0.476	0.00018153
-0.475	0.00017962
-0.474	0.00017772
-0.473	0.00017583
-0.472	0.00017395
-0.471	0.00017208
-0.47	0.00017023
-0.469	0.00016838
-0.468	0.00016655
-0.467	0.00016472
-0.466	0.00016291
-0.465	0.00016111
-0.464	0.00015932
-0.463	0.00015754
-0.462	0.00015577
-0.461	0.00015402
-0.46	0.00015227
-0.459	0.00015054
-0.458	0.00014882
-0.457	0.00014711
-0.456	0.00014542
-0.455	0.00014373
-0.454	0.00014206
-0.453	0.0001404
-0.452	0.00013875
-0.451	0.00013711
-0.45	0.00013549
-0.449	0.00013388
-0.448	0.00013228
-0.447	0.00013069
-0.446	0.00012912
-0.445	0.00012755
-0.444	0.000126
-0.443	0.00012447
-0.442	0.00012294
-0.441	0.00012143
-0.44	0.00011993
-0.439	0.00011844
-0.438	0.00011696
-0.437	0.0001155
-0.436	0.00011405
-0.435	0.00011261
-0.434	0.00011119
-0.433	0.00010978
-0.432	0.00010838
-0.431	0.00010699
-0.43	0.00010561
-0.429	0.00010425
-0.428	0.0001029
-0.427	0.00010157
-0.426	0.00010024
-0.425	9.89E-05
-0.424	9.76E-05
-0.423	9.63E-05
-0.422	9.51E-05
-0.421	9.38E-05
-0.42	9.26E-05
-0.419	9.13E-05
-0.418	9.01E-05
-0.417	8.89E-05
-0.416	8.77E-05
-0.415	8.65E-05
-0.414	8.53E-05
-0.413	8.42E-05
-0.412	8.30E-05
-0.411	8.19E-05
-0.41	8.07E-05
-0.409	7.96E-05
-0.408	7.85E-05
-0.407	7.74E-05
-0.406	7.64E-05
-0.405	7.53E-05
-0.404	7.42E-05
-0.403	7.32E-05
-0.402	7.22E-05
-0.401	7.11E-05
-0.4	7.01E-05
-0.399	6.91E-05
-0.398	6.82E-05
-0.397	6.72E-05
-0.396	6.62E-05
-0.395	6.53E-05
-0.394	6.43E-05
-0.393	6.34E-05
-0.392	6.25E-05
-0.391	6.16E-05
-0.39	6.07E-05
-0.389	5.98E-05
-0.388	5.89E-05
-0.387	5.80E-05
-0.386	5.72E-05
-0.385	5.63E-05
-0.384	5.55E-05
-0.383	5.47E-05
-0.382	5.39E-05
-0.381	5.31E-05
-0.38	5.23E-05
-0.379	5.15E-05
-0.378	5.07E-05
-0.377	5.00E-05
-0.376	4.92E-05
-0.375	4.85E-05
-0.374	4.77E-05
-0.373	4.70E-05
-0.372	4.63E-05
-0.371	4.56E-05
-0.37	4.49E-05
-0.369	4.42E-05
-0.368	4.35E-05
-0.367	4.29E-05
-0.366	4.22E-05
-0.365	4.16E-05
-0.364	4.09E-05
-0.363	4.03E-05
-0.362	3.97E-05
-0.361	3.90E-05
-0.36	3.84E-05
-0.359	3.78E-05
-0.358	3.72E-05
-0.357	3.67E-05
-0.356	3.61E-05
-0.355	3.55E-05
-0.354	3.50E-05
-0.353	3.44E-05
-0.352	3.39E-05
-0.351	3.33E-05
-0.35	3.28E-05
-0.349	3.23E-05
-0.348	3.18E-05
-0.347	3.13E-05
-0.346	3.08E-05
-0.345	3.03E-05
-0.344	2.98E-05
-0.343	2.93E-05
-0.342	2.88E-05
-0.341	2.84E-05
-0.34	2.79E-05
-0.339	2.75E-05
-0.338	2.70E-05
-0.337	2.66E-05
-0.336	2.62E-05
-0.335	2.57E-05
-0.334	2.53E-05
-0.333	2.49E-05
-0.332	2.45E-05
-0.331	2.41E-05
-0.33	2.37E-05
-0.329	2.33E-05
-0.328	2.29E-05
-0.327	2.26E-05
-0.326	2.22E-05
-0.325	2.18E-05
-0.324	2.15E-05
-0.323	2.11E-05
-0.322	2.08E-05
-0.321	2.04E-05
-0.32	2.01E-05
-0.319	1.97E-05
-0.318	1.94E-05
-0.317	1.91E-05
-0.316	1.88E-05
-0.315	1.85E-05
-0.314	1.82E-05
-0.313	1.79E-05
-0.312	1.76E-05
-0.311	1.73E-05
-0.31	1.70E-05
-0.309	1.67E-05
-0.308	1.64E-05
-0.307	1.61E-05
-0.306	1.59E-05
-0.305	1.56E-05
-0.304	1.53E-05
-0.303	1.51E-05
-0.302	1.48E-05
-0.301	1.46E-05
-0.3	1.43E-05
-0.299	1.41E-05
-0.298	1.38E-05
-0.297	1.36E-05
-0.296	1.34E-05
-0.295	1.31E-05
-0.294	1.29E-05
-0.293	1.27E-05
-0.292	1.25E-05
-0.291	1.23E-05
-0.29	1.21E-05
-0.289	1.19E-05
-0.288	1.16E-05
-0.287	1.14E-05
-0.286	1.13E-05
-0.285	1.11E-05
-0.284	1.09E-05
-0.283	1.07E-05
-0.282	1.05E-05
-0.281	1.03E-05
-0.28	1.01E-05
-0.279	9.96E-06
-0.278	9.79E-06
-0.277	9.62E-06
-0.276	9.46E-06
-0.275	9.29E-06
-0.274	9.13E-06
-0.273	8.97E-06
-0.272	8.82E-06
-0.271	8.66E-06
-0.27	8.51E-06
-0.269	8.37E-06
-0.268	8.22E-06
-0.267	8.08E-06
-0.266	7.94E-06
-0.265	7.80E-06
-0.264	7.66E-06
-0.263	7.53E-06
-0.262	7.40E-06
-0.261	7.27E-06
-0.26	7.14E-06
-0.259	7.01E-06
-0.258	6.89E-06
-0.257	6.77E-06
-0.256	6.65E-06
-0.255	6.54E-06
-0.254	6.42E-06
-0.253	6.31E-06
-0.252	6.20E-06
-0.251	6.09E-06
-0.25	5.98E-06
-0.249	5.87E-06
-0.248	5.77E-06
-0.247	5.67E-06
-0.246	5.57E-06
-0.245	5.47E-06
-0.244	5.37E-06
-0.243	5.28E-06
-0.242	5.19E-06
-0.241	5.09E-06
-0.24	5.00E-06
-0.239	4.91E-06
-0.238	4.83E-06
-0.237	4.74E-06
-0.236	4.66E-06
-0.235	4.58E-06
-0.234	4.49E-06
-0.233	4.41E-06
-0.232	4.34E-06
-0.231	4.26E-06
-0.23	4.18E-06
-0.229	4.11E-06
-0.228	4.03E-06
-0.227	3.96E-06
-0.226	3.89E-06
-0.225	3.82E-06
-0.224	3.75E-06
-0.223	3.69E-06
-0.222	3.62E-06
-0.221	3.56E-06
-0.22	3.49E-06
-0.219	3.43E-06
-0.218	3.37E-06
-0.217	3.31E-06
-0.216	3.25E-06
-0.215	3.19E-06
-0.214	3.13E-06
-0.213	3.08E-06
-0.212	3.02E-06
-0.211	2.97E-06
-0.21	2.91E-06
-0.209	2.86E-06
-0.208	2.81E-06
-0.207	2.76E-06
-0.206	2.71E-06
-0.205	2.66E-06
-0.204	2.61E-06
-0.203	2.57E-06
-0.202	2.52E-06
-0.201	2.47E-06
-0.2	2.43E-06
-0.199	2.39E-06
-0.198	2.34E-06
-0.197	2.30E-06
-0.196	2.26E-06
-0.195	2.22E-06
-0.194	2.18E-06
-0.193	2.14E-06
-0.192	2.10E-06
-0.191	2.06E-06
-0.19	2.02E-06
-0.189	1.99E-06
-0.188	1.95E-06
-0.187	1.92E-06
-0.186	1.88E-06
-0.185	1.85E-06
-0.184	1.81E-06
-0.183	1.78E-06
-0.182	1.75E-06
-0.181	1.72E-06
-0.18	1.69E-06
-0.179	1.65E-06
-0.178	1.62E-06
-0.177	1.59E-06
-0.176	1.57E-06
-0.175	1.54E-06
-0.174	1.51E-06
-0.173	1.48E-06
-0.172	1.45E-06
-0.171	1.43E-06
-0.17	1.40E-06
-0.169	1.38E-06
-0.168	1.35E-06
-0.167	1.33E-06
-0.166	1.30E-06
-0.165	1.28E-06
-0.164	1.25E-06
-0.163	1.23E-06
-0.162	1.21E-06
-0.161	1.19E-06
-0.16	1.17E-06
-0.159	1.14E-06
-0.158	1.12E-06
-0.157	1.10E-06
-0.156	1.08E-06
-0.155	1.06E-06
-0.154	1.04E-06
-0.153	1.02E-06
-0.152	1.00E-06
-0.151	9.86E-07
-0.15	9.68E-07
-0.149	9.50E-07
-0.148	9.33E-07
-0.147	9.16E-07
-0.146	8.99E-07
-0.145	8.82E-07
-0.144	8.66E-07
-0.143	8.50E-07
-0.142	8.34E-07
-0.141	8.19E-07
-0.14	8.04E-07
-0.139	7.89E-07
-0.138	7.74E-07
-0.137	7.60E-07
-0.136	7.46E-07
-0.135	7.32E-07
-0.134	7.18E-07
-0.133	7.05E-07
-0.132	6.92E-07
-0.131	6.79E-07
-0.13	6.67E-07
-0.129	6.54E-07
-0.128	6.42E-07
-0.127	6.30E-07
-0.126	6.18E-07
-0.125	6.07E-07
-0.124	5.95E-07
-0.123	5.84E-07
-0.122	5.73E-07
-0.121	5.63E-07
-0.12	5.52E-07
-0.119	5.42E-07
-0.118	5.32E-07
-0.117	5.22E-07
-0.116	5.12E-07
-0.115	5.02E-07
-0.114	4.93E-07
-0.113	4.84E-07
-0.112	4.74E-07
-0.111	4.66E-07
-0.11	4.57E-07
-0.109	4.48E-07
-0.108	4.40E-07
-0.107	4.31E-07
-0.106	4.23E-07
-0.105	4.15E-07
-0.104	4.07E-07
-0.103	4.00E-07
-0.102	3.92E-07
-0.101	3.84E-07
-0.1	3.77E-07
-0.099	3.70E-07
-0.098	3.63E-07
-0.097	3.56E-07
-0.096	3.49E-07
-0.095	3.42E-07
-0.094	3.36E-07
-0.093	3.29E-07
-0.092	3.23E-07
-0.091	3.17E-07
-0.09	3.11E-07
-0.089	3.05E-07
-0.088	2.99E-07
-0.087	2.93E-07
-0.086	2.87E-07
-0.085	2.82E-07
-0.084	2.76E-07
-0.083	2.71E-07
-0.082	2.65E-07
-0.081	2.60E-07
-0.08	2.55E-07
-0.079	2.50E-07
-0.078	2.45E-07
-0.077	2.40E-07
-0.076	2.35E-07
-0.075	2.30E-07
-0.074	2.26E-07
-0.073	2.21E-07
-0.072	2.17E-07
-0.071	2.12E-07
-0.07	2.08E-07
-0.069	2.04E-07
-0.068	2.00E-07
-0.067	1.96E-07
-0.066	1.91E-07
-0.065	1.87E-07
-0.064	1.84E-07
-0.063	1.80E-07
-0.062	1.76E-07
-0.061	1.72E-07
-0.06	1.69E-07
-0.059	1.65E-07
-0.058	1.61E-07
-0.057	1.58E-07
-0.056	1.54E-07
-0.055	1.51E-07
-0.054	1.48E-07
-0.053	1.44E-07
-0.052	1.41E-07
-0.051	1.38E-07
-0.05	1.35E-07
-0.049	1.32E-07
-0.048	1.29E-07
-0.047	1.26E-07
-0.046	1.23E-07
-0.045	1.20E-07
-0.044	1.17E-07
-0.043	1.14E-07
-0.042	1.12E-07
-0.041	1.09E-07
-0.04	1.06E-07
-0.039	1.04E-07
-0.038	1.01E-07
-0.037	9.83E-08
-0.036	9.57E-08
-0.035	9.32E-08
-0.034	9.07E-08
-0.033	8.83E-08
-0.032	8.59E-08
-0.031	8.35E-08
-0.03	8.11E-08
-0.029	7.88E-08
-0.028	7.65E-08
-0.027	7.42E-08
-0.026	7.20E-08
-0.025	6.97E-08
-0.024	6.75E-08
-0.023	6.54E-08
-0.022	6.32E-08
-0.021	6.11E-08
-0.02	5.90E-08
-0.019	5.69E-08
-0.018	5.48E-08
-0.017	5.28E-08
-0.016	5.07E-08
-0.015	4.87E-08
-0.014	4.67E-08
-0.013	4.48E-08
-0.012	4.28E-08
-0.011	4.09E-08
-0.01	3.89E-08
-0.009	3.70E-08
-0.008	3.51E-08
-0.007	3.32E-08
-0.006	3.13E-08
-0.005	2.95E-08
-0.004	2.76E-08
-0.003	2.58E-08
-0.002	2.39E-08
-0.001	2.21E-08
-1.18E-16	2.03E-08
0.001	1.85E-08
0.002	1.67E-08
0.003	1.49E-08
0.004	1.31E-08
0.005	1.13E-08
0.006	9.53E-09
0.007	7.75E-09
0.008	5.98E-09
0.009	4.20E-09
0.01	2.43E-09
0.011	6.62E-10
0.012	-1.11E-09
0.013	-2.88E-09
0.014	-4.65E-09
0.015	-6.42E-09
0.016	-8.19E-09
0.017	-9.97E-09
0.018	-1.17E-08
0.019	-1.35E-08
0.02	-1.53E-08
0.021	-1.71E-08
0.022	-1.89E-08
0.023	-2.07E-08
0.024	-2.25E-08
0.025	-2.43E-08
0.026	-2.62E-08
0.027	-2.80E-08
0.028	-2.98E-08
0.029	-3.17E-08
0.03	-3.36E-08
0.031	-3.54E-08
0.032	-3.73E-08
0.033	-3.92E-08
0.034	-4.12E-08
0.035	-4.31E-08
0.036	-4.50E-08
0.037	-4.70E-08
0.038	-4.90E-08
0.039	-5.10E-08
0.04	-5.30E-08
0.041	-5.50E-08
0.042	-5.70E-08
0.043	-5.91E-08
0.044	-6.12E-08
0.045	-6.33E-08
0.046	-6.54E-08
0.047	-6.76E-08
0.048	-6.98E-08
0.049	-7.20E-08
0.05	-7.42E-08
0.051	-7.65E-08
0.052	-7.87E-08
0.053	-8.10E-08
0.054	-8.34E-08
0.055	-8.57E-08
0.056	-8.81E-08
0.057	-9.06E-08
0.058	-9.30E-08
0.059	-9.55E-08
0.06	-9.80E-08
0.061	-1.01E-07
0.062	-1.03E-07
0.063	-1.06E-07
0.064	-1.08E-07
0.065	-1.11E-07
0.066	-1.14E-07
0.067	-1.17E-07
0.068	-1.20E-07
0.069	-1.22E-07
0.07	-1.25E-07
0.071	-1.28E-07
0.072	-1.31E-07
0.073	-1.34E-07
0.074	-1.37E-07
0.075	-1.41E-07
0.076	-1.44E-07
0.077	-1.47E-07
0.078	-1.50E-07
0.079	-1.54E-07
0.08	-1.57E-07
0.081	-1.60E-07
0.082	-1.64E-07
0.083	-1.67E-07
0.084	-1.71E-07
0.085	-1.75E-07
0.086	-1.79E-07
0.087	-1.82E-07
0.088	-1.86E-07
0.089	-1.90E-07
0.09	-1.94E-07
0.091	-1.98E-07
0.092	-2.02E-07
0.093	-2.07E-07
0.094	-2.11E-07
0.095	-2.15E-07
0.096	-2.20E-07
0.097	-2.24E-07
0.098	-2.29E-07
0.099	-2.33E-07
0.1	-2.38E-07
0.101	-2.43E-07
0.102	-2.48E-07
0.103	-2.53E-07
0.104	-2.58E-07
0.105	-2.63E-07
0.106	-2.69E-07
0.107	-2.74E-07
0.108	-2.79E-07
0.109	-2.85E-07
0.11	-2.91E-07
0.111	-2.96E-07
0.112	-3.02E-07
0.113	-3.08E-07
0.114	-3.14E-07
0.115	-3.21E-07
0.116	-3.27E-07
0.117	-3.33E-07
0.118	-3.40E-07
0.119	-3.47E-07
0.12	-3.53E-07
0.121	-3.60E-07
0.122	-3.67E-07
0.123	-3.74E-07
0.124	-3.82E-07
0.125	-3.89E-07
0.126	-3.97E-07
0.127	-4.04E-07
0.128	-4.12E-07
0.129	-4.20E-07
0.13	-4.29E-07
0.131	-4.37E-07
0.132	-4.45E-07
0.133	-4.54E-07
0.134	-4.63E-07
0.135	-4.72E-07
0.136	-4.81E-07
0.137	-4.90E-07
0.138	-4.99E-07
0.139	-5.09E-07
0.14	-5.19E-07
0.141	-5.29E-07
0.142	-5.39E-07
0.143	-5.49E-07
0.144	-5.60E-07
0.145	-5.71E-07
0.146	-5.82E-07
0.147	-5.93E-07
0.148	-6.04E-07
0.149	-6.16E-07
0.15	-6.28E-07
0.151	-6.40E-07
0.152	-6.52E-07
0.153	-6.64E-07
0.154	-6.77E-07
0.155	-6.90E-07
0.156	-7.03E-07
0.157	-7.17E-07
0.158	-7.30E-07
0.159	-7.44E-07
0.16	-7.58E-07
0.161	-7.73E-07
0.162	-7.88E-07
0.163	-8.03E-07
0.164	-8.18E-07
0.165	-8.34E-07
0.166	-8.50E-07
0.167	-8.66E-07
0.168	-8.82E-07
0.169	-8.99E-07
0.17	-9.16E-07
0.171	-9.34E-07
0.172	-9.51E-07
0.173	-9.70E-07
0.174	-9.88E-07
0.175	-1.01E-06
0.176	-1.03E-06
0.177	-1.05E-06
0.178	-1.07E-06
0.179	-1.09E-06
0.18	-1.11E-06
0.181	-1.13E-06
0.182	-1.15E-06
0.183	-1.17E-06
0.184	-1.19E-06
0.185	-1.22E-06
0.186	-1.24E-06
0.187	-1.26E-06
0.188	-1.29E-06
0.189	-1.31E-06
0.19	-1.34E-06
0.191	-1.36E-06
0.192	-1.39E-06
0.193	-1.41E-06
0.194	-1.44E-06
0.195	-1.47E-06
0.196	-1.50E-06
0.197	-1.52E-06
0.198	-1.55E-06
0.199	-1.58E-06
0.2	-1.61E-06
0.201	-1.64E-06
0.202	-1.67E-06
0.203	-1.71E-06
0.204	-1.74E-06
0.205	-1.77E-06
0.206	-1.80E-06
0.207	-1.84E-06
0.208	-1.87E-06
0.209	-1.91E-06
0.21	-1.95E-06
0.211	-1.98E-06
0.212	-2.02E-06
0.213	-2.06E-06
0.214	-2.10E-06
0.215	-2.14E-06
0.216	-2.18E-06
0.217	-2.22E-06
0.218	-2.26E-06
0.219	-2.30E-06
0.22	-2.35E-06
0.221	-2.39E-06
0.222	-2.44E-06
0.223	-2.48E-06
0.224	-2.53E-06
0.225	-2.58E-06
0.226	-2.63E-06
0.227	-2.68E-06
0.228	-2.73E-06
0.229	-2.78E-06
0.23	-2.83E-06
0.231	-2.89E-06
0.232	-2.94E-06
0.233	-3.00E-06
0.234	-3.05E-06
0.235	-3.11E-06
0.236	-3.17E-06
0.237	-3.23E-06
0.238	-3.29E-06
0.239	-3.35E-06
0.24	-3.42E-06
0.241	-3.48E-06
0.242	-3.55E-06
0.243	-3.61E-06
0.244	-3.68E-06
0.245	-3.75E-06
0.246	-3.82E-06
0.247	-3.89E-06
0.248	-3.97E-06
0.249	-4.04E-06
0.25	-4.12E-06
0.251	-4.20E-06
0.252	-4.28E-06
0.253	-4.36E-06
0.254	-4.44E-06
0.255	-4.52E-06
0.256	-4.61E-06
0.257	-4.69E-06
0.258	-4.78E-06
0.259	-4.87E-06
0.26	-4.97E-06
0.261	-5.06E-06
0.262	-5.15E-06
0.263	-5.25E-06
0.264	-5.35E-06
0.265	-5.45E-06
0.266	-5.55E-06
0.267	-5.66E-06
0.268	-5.76E-06
0.269	-5.87E-06
0.27	-5.98E-06
0.271	-6.10E-06
0.272	-6.21E-06
0.273	-6.33E-06
0.274	-6.45E-06
0.275	-6.57E-06
0.276	-6.69E-06
0.277	-6.82E-06
0.278	-6.94E-06
0.279	-7.07E-06
0.28	-7.21E-06
0.281	-7.34E-06
0.282	-7.48E-06
0.283	-7.62E-06
0.284	-7.76E-06
0.285	-7.91E-06
0.286	-8.06E-06
0.287	-8.21E-06
0.288	-8.36E-06
0.289	-8.52E-06
0.29	-8.67E-06
0.291	-8.84E-06
0.292	-9.00E-06
0.293	-9.17E-06
0.294	-9.34E-06
0.295	-9.52E-06
0.296	-9.69E-06
0.297	-9.87E-06
0.298	-1.01E-05
0.299	-1.02E-05
0.3	-1.04E-05